6638	602
5527	23
383	577
512	756
1288	166
3239	259
3238	171
925	424
3329	157
6304	769
4462	328
1695	634
2294	644
4590	199
4148	136
2604	365
5389	40
5572	122
6820	619
6819	85
346	253
4157	227
6871	330
6872	753
2840	280
785	570
612	629
4726	716
605	505
6045	624
970	629
91	398
3980	109
3983	746
3998	501
954	450
1862	684
4773	97
5530	308
5246	20
3755	64
2125	224
233	24
236	272
3418	86
3418	136
3785	501
956	499
2128	102
4380	123
5115	639
5114	619
3332	671
3498	233
3498	765
3309	165
2420	416
6486	2
3887	532
3494	504
553	5
552	520
6229	615
4910	10
1	618
4885	400
1481	40
4472	64
2188	414
4673	629
5779	544
5779	651
5779	317
5779	773
5779	290
5779	652
5779	42
5779	175
5779	541
5779	241
5779	426
5779	454
5779	44
5779	339
5779	401
5779	182
5779	506
5779	340
5779	75
5779	730
5779	314
5779	523
5779	528
5779	285
5779	281
5779	179
5779	79
5779	105
5779	45
5779	78
5779	40
5779	525
4366	333
6533	613
3905	223
307	520
3902	629
7	629
645	50
802	306
2762	141
2763	158
3762	233
3763	222
3763	703
3151	666
4435	463
5405	80
5404	304
200	110
6203	402
6203	398
983	717
6086	682
5319	636
5531	69
857	663
3099	196
3139	209
3903	254
5508	414
3066	223
5942	315
4423	628
1543	7
1540	102
4788	336
3284	514
1946	613
4837	157
6921	20
3694	338
1263	2
69	532
2106	74
2869	649
2499	351
3302	115
1525	123
1526	105
2612	23
5175	105
1780	775
5867	500
86	494
5032	143
6382	183
5043	624
3776	637
6750	16
6749	663
4170	294
6310	136
2507	475
5141	392
16	192
795	23
2679	445
2256	135
5220	20
5215	295
5216	756
4326	712
3311	715
1648	251
6925	746
964	430
4394	293
4633	116
4629	72
4540	200
2252	514
185	448
3976	731
1744	768
4373	736
4374	738
5454	584
4860	690
2563	588
2564	588
4203	315
6309	213
114	523
1888	108
5646	414
1925	505
6040	52
6040	1
4313	416
4852	685
184	621
5217	410
2264	47
3738	402
6700	715
5016	783
5016	408
2543	228
2543	151
5859	273
621	648
987	284
1594	664
1793	205
5608	265
5660	104
5455	606
5898	224
1287	261
4169	648
4165	102
2557	261
5427	257
4562	155
672	761
2161	552
364	57
5396	23
3387	502
153	405
5950	268
3340	745
5655	283
6350	355
6350	592
3501	395
1672	395
1674	176
1870	693
6758	315
4392	420
4124	250
4125	190
4243	341
2514	751
4282	471
1537	204
1536	50
1310	423
984	412
4212	412
4212	470
4212	406
4916	751
3662	115
6738	745
6920	323
6622	680
5243	398
5243	327
6730	10
5163	252
5163	254
5617	588
1968	64
3118	528
437	618
2984	370
5503	402
5503	398
6698	222
4612	16
5949	604
4905	338
2462	427
2464	297
2465	440
996	385
1004	351
4538	104
2867	512
2506	132
362	296
5652	714
2467	516
6093	485
4236	750
6483	579
6792	91
2740	778
2741	42
2741	175
3971	363
3971	238
3438	272
1214	511
2925	117
2298	139
31	157
3555	382
3509	246
1740	260
5872	100
3912	134
2890	22
3006	378
425	3
4609	158
5060	267
6927	514
4094	38
4553	14
1039	451
3601	657
1654	252
4501	196
1024	86
571	735
5342	311
5768	91
2642	596
883	457
4975	180
1171	407
424	309
1677	281
4077	786
353	632
2668	125
1771	747
3268	618
5059	3
6425	662
3354	416
5800	268
5148	579
171	738
3150	413
3773	280
4457	605
5424	247
5424	308
419	562
6802	365
1727	141
4344	629
2325	749
2324	123
3923	342
4983	131
6936	206
4292	521
1640	668
2183	613
1072	755
6580	181
1076	755
1079	181
4456	320
5113	443
5991	334
676	448
243	65
243	410
3	266
1419	40
1604	474
3511	413
6202	399
6748	443
4598	320
5514	536
6183	268
5052	744
2635	122
6479	398
6479	327
4387	499
4387	674
4793	379
3618	5
5632	755
5417	18
2910	338
1782	379
6424	218
4458	669
4459	749
5423	268
3225	586
5112	161
417	250
2	79
6426	311
6545	701
6545	602
6718	26
3040	678
5645	121
1014	20
4635	371
4417	9
5154	501
327	111
6354	732
6854	180
4122	583
4122	235
882	231
884	629
884	54
1166	301
1168	681
4968	689
2014	180
4857	7
304	726
3631	787
1472	335
2842	70
6741	247
6270	54
3007	1
6015	5
951	232
191	112
625	495
2478	24
4542	185
2143	49
1347	569
180	311
182	395
3486	414
1187	550
2846	48
4796	352
500	40
2081	449
125	233
125	452
2699	773
6579	628
1742	74
3605	595
4799	207
2641	411
5388	663
5863	64
4228	288
464	522
464	513
464	644
464	626
464	495
406	245
1137	56
3610	733
2104	540
2104	553
6008	26
2460	78
89	177
4439	205
4942	383
3060	268
3062	296
6216	201
5107	465
2645	751
6722	419
6111	627
3201	598
5554	342
5067	267
5065	276
1180	230
2819	436
3825	583
1243	192
6707	100
1600	214
4053	546
995	545
4097	20
5615	131
5849	253
5096	679
2592	242
4803	629
1933	374
2664	618
6541	161
1091	775
6901	275
5564	50
5557	179
1845	674
273	122
3189	202
2486	481
3367	622
4398	749
6711	303
2880	326
2880	518
2880	670
731	676
5330	767
5330	128
5330	249
2261	346
999	550
1000	544
844	636
3368	135
1370	446
733	365
5743	349
5743	235
3188	312
6263	300
5989	461
799	357
4143	497
2365	699
6069	267
2552	88
3152	276
2334	379
5616	96
4855	88
2961	286
6331	36
5619	672
1538	378
5522	683
483	738
2184	503
1944	23
4005	488
3373	121
6325	109
6329	23
1992	310
5647	266
3851	716
4451	478
1776	287
5805	405
5368	439
2790	382
2790	339
2790	35
2790	177
2790	535
2790	335
2790	31
3059	731
595	737
5560	275
3579	586
6144	550
6145	180
3860	154
3860	718
4335	133
2179	20
2369	724
1172	292
5187	264
1143	492
1147	142
6826	616
436	150
1966	345
5932	697
3129	420
5487	502
6931	548
6514	359
3701	623
5843	203
5688	461
5056	436
1245	164
3711	180
6679	166
2000	290
5219	703
2526	633
6240	549
2977	549
5338	516
1817	20
1819	629
1819	531
6903	499
338	323
3716	776
6364	121
4008	488
3451	668
4780	76
1791	179
6363	749
738	747
1554	692
1193	629
399	291
2758	402
4043	386
2864	746
6062	758
5	339
3557	314
3558	339
1556	222
1360	685
5465	629
404	276
2487	182
5459	43
3564	744
2737	294
1603	18
6637	402
6637	398
4427	703
2779	482
6120	580
6618	339
3410	601
3411	252
5504	505
5264	155
5505	54
2968	154
2255	576
2255	759
4595	85
4596	291
1270	287
4702	325
4702	529
3198	9
4563	194
2854	629
5480	268
5479	180
5478	552
3266	628
1963	379
211	268
209	121
5883	235
3792	350
5752	346
6188	671
6188	564
5871	54
5870	427
542	38
697	283
2144	271
3732	731
4779	111
4778	642
2894	99
2544	524
1818	177
696	42
696	175
4291	253
3567	209
4979	405
4979	406
4185	506
5606	315
4081	268
4083	774
6619	20
6812	488
1974	23
1976	505
135	528
1247	20
941	737
3175	23
811	360
1372	159
4396	650
5700	697
5371	549
6135	381
2609	615
4804	150
2683	258
4821	20
4442	283
1923	738
6521	543
4781	726
385	217
5878	636
1084	225
4532	511
2765	289
5877	315
6793	296
827	149
4173	84
4174	49
4172	402
4172	398
918	552
4800	131
1943	23
396	254
6661	67
6663	642
6666	577
6659	98
5536	719
496	500
6662	7
660	344
6617	605
5258	205
4357	20
5894	783
5893	736
5897	783
5834	450
6305	399
3044	529
3044	325
1440	464
5057	738
1439	332
6683	34
6685	167
5670	258
5669	258
6682	69
3359	6
6681	491
5546	330
1410	351
3502	502
6244	137
4982	13
6957	315
6956	512
3244	719
5303	526
3121	59
3115	395
5972	642
2985	13
2749	61
1631	528
3397	71
2291	297
2406	315
2501	40
4354	619
1209	624
6386	308
3470	50
1544	275
4034	393
1138	280
615	17
3371	109
6709	638
1811	1
1815	172
9	299
4969	178
3164	298
6772	269
6772	708
6773	417
2159	382
1408	606
5979	416
5814	715
1359	619
4740	697
3427	23
3538	174
3531	748
3537	42
3537	175
389	657
5453	648
635	408
2372	506
2540	639
2539	314
2692	151
1239	118
2060	387
2061	602
2067	555
2068	273
4653	20
5719	398
5719	327
3052	613
1485	768
2591	750
4863	456
2937	1
5349	789
4247	348
2299	476
2299	345
5464	632
2077	280
1787	196
5857	412
5121	169
6612	336
222	42
222	175
219	64
1325	206
217	295
229	175
229	42
2072	738
3057	136
897	177
5742	502
6788	361
5400	69
2527	172
3691	255
4037	345
1456	76
123	238
123	363
123	570
1687	423
5007	511
6042	360
6213	771
5050	253
3725	44
6609	755
1417	361
286	574
5379	310
5377	290
2006	384
2002	344
1806	477
2860	242
2860	483
2860	186
4601	606
4452	221
3307	10
1842	130
5392	402
46	603
46	20
3624	268
51	179
1001	443
5415	686
2684	535
710	224
706	20
6130	717
2958	683
6905	432
6220	330
4764	321
2282	18
2377	783
83	40
2343	42
2343	175
5751	96
446	742
6578	601
2919	287
6099	636
649	528
659	253
5062	210
977	573
702	764
702	709
3080	324
2247	55
6836	42
6836	175
6316	244
792	8
2358	371
3743	410
2307	694
5080	545
5804	636
2320	640
3834	624
1364	550
4092	493
4827	17
5472	123
5257	590
5555	637
1785	271
4899	20
4338	85
297	619
1383	118
3079	126
6597	268
6595	775
6594	161
5725	14
4488	467
1777	652
3874	605
5784	456
2164	506
1443	779
5708	71
4751	775
4752	226
1728	311
6604	598
3741	145
1534	36
5238	155
2786	506
479	78
1023	271
5448	547
6490	515
1368	396
1366	70
4089	234
4089	674
3499	137
2132	167
6760	502
4161	393
5986	588
6181	291
4078	641
4599	341
4705	714
5299	756
3946	180
309	624
3950	158
3952	352
3953	352
2509	40
5468	597
4897	735
5597	44
1864	165
1766	208
4594	298
4593	594
4592	355
4592	592
968	664
5079	788
5042	185
5046	594
1656	324
6643	726
671	781
376	433
3234	538
1834	367
1904	434
1904	308
1903	568
4297	131
6262	379
3237	487
6141	243
1264	373
1262	373
3799	7
2624	192
6968	20
1956	180
1685	534
4922	414
4923	681
2254	328
4934	416
5100	78
5099	691
821	78
5093	168
5093	45
819	321
3345	448
3343	586
4886	318
5825	581
5826	581
5823	581
2413	581
4972	307
3495	359
3495	349
5735	376
5735	24
3246	366
4385	339
6762	268
6762	723
5854	521
1420	182
3570	713
6668	489
1018	738
4889	311
1463	112
5908	194
5407	750
5408	215
6297	610
3483	390
47	778
5797	499
6875	77
6656	413
2698	18
6357	593
1527	206
2630	378
2633	100
2632	70
2631	419
6742	637
2822	691
138	619
6625	283
1585	244
6565	468
747	263
2222	528
587	637
5467	262
5254	20
3348	629
2831	520
5853	402
2690	689
4048	586
4544	624
6210	667
834	389
3462	734
192	481
6695	525
2914	730
2394	616
6696	239
4848	20
6417	338
2223	229
130	550
280	405
280	406
1302	422
1301	180
4684	47
4685	420
4816	361
6052	61
2157	493
4826	304
1212	269
1212	708
2285	274
2430	296
2424	42
2424	175
2429	20
2357	513
6313	147
5668	648
1981	40
2419	292
6264	565
2685	110
2148	292
133	468
6620	639
6621	639
5317	677
5314	433
3535	744
4531	188
4531	354
4531	189
4531	191
4531	156
4531	353
4531	705
4531	704
4531	186
3539	366
529	583
2605	756
5181	444
6816	125
1186	650
3358	419
3361	291
2911	365
2911	28
4012	237
4012	445
636	408
6283	530
560	787
77	499
77	674
1390	325
1390	529
2327	744
1947	709
1947	496
2828	634
120	263
4115	750
1628	590
1626	113
1625	101
5925	482
2912	449
4547	748
5002	757
4074	402
1392	717
1563	414
1566	280
5904	152
1715	295
3556	412
1136	311
477	179
4477	530
755	20
1769	354
4992	347
4406	691
5473	18
5462	360
736	92
3759	159
2992	509
753	495
5630	230
2530	158
1400	13
1401	693
2709	409
674	194
3533	176
601	315
3532	415
6778	484
2017	719
2814	746
3734	402
5495	698
358	738
3963	546
4733	502
4016	184
6556	280
3955	750
6780	9
2195	181
5810	289
4847	612
5748	339
2560	146
6198	252
4422	16
2536	464
3616	642
3752	629
567	231
3224	102
3604	552
5234	54
6658	373
2926	379
354	576
5690	714
4699	304
3002	120
4517	141
2998	147
4521	258
6430	758
5793	677
2389	744
6692	524
2962	694
921	253
6887	163
339	40
976	175
976	42
6904	208
815	556
6729	246
5122	377
5123	712
6891	186
6035	163
6280	193
4233	777
5745	14
3128	43
4019	279
4936	206
2392	204
5539	751
3202	231
879	619
453	738
2339	593
4896	377
4718	31
5041	245
3203	589
3001	574
1441	746
245	642
5434	120
675	523
6886	785
6884	640
6885	348
2224	318
1099	644
5537	713
1363	110
2538	166
5566	750
492	42
492	175
2295	622
5702	558
4214	345
3469	20
3469	18
853	629
2674	628
2674	735
234	666
4223	413
394	604
2095	646
5776	150
3686	736
3192	165
2508	719
6056	511
5662	40
1326	402
551	25
381	257
1506	402
3748	278
4209	172
4791	260
2272	480
5049	77
431	759
6119	611
6159	610
4554	129
3404	736
2820	656
4322	735
5397	779
2229	4
2488	746
3214	774
4801	466
4237	358
4237	354
4237	186
5227	541
5227	241
1281	746
5387	648
5386	618
4765	745
4315	339
4445	12
2412	581
2410	581
2408	581
2409	581
2411	581
4377	361
2855	106
1282	613
831	20
164	264
5705	126
2134	234
2134	709
584	512
6125	157
6126	214
4839	440
6127	517
238	399
4219	606
87	750
6487	24
312	382
5534	738
5535	670
656	100
5430	253
5000	672
5001	283
5250	422
1848	591
5818	311
4146	160
6657	382
5232	743
2776	280
1467	229
4285	620
3617	48
6175	418
4224	79
3883	125
705	292
4099	316
1483	459
2045	155
5410	48
3877	67
1465	200
6518	746
846	549
2694	569
2694	570
2470	563
2470	620
3048	744
1761	233
1761	451
5409	433
5412	182
5413	721
5760	90
4841	651
4840	268
351	757
4460	505
1455	774
1962	48
6147	371
2876	506
1165	302
5139	104
4183	603
4183	20
5173	253
1965	528
6100	742
6100	740
6379	550
6380	429
1155	2
5666	203
54	540
54	553
2885	628
5456	268
4977	197
3561	243
3561	759
4888	137
1008	121
4541	144
4240	515
2622	207
1141	618
4822	201
3568	76
2384	414
3106	722
1950	470
631	255
2566	707
6457	48
5025	242
2602	152
2603	472
2601	152
3318	746
4782	673
6944	740
4072	619
4072	181
1070	693
380	789
6525	726
2528	58
2590	348
2574	181
3449	20
3908	97
4960	54
707	704
707	570
3019	558
703	702
1662	421
2268	400
6471	599
6561	148
6501	494
4674	594
3512	405
3512	406
2803	434
3705	473
1517	627
1508	222
5653	649
5656	416
5124	738
3690	414
3484	661
1573	438
6109	219
1215	36
1900	272
6512	507
5780	629
5780	54
2782	268
694	536
96	638
99	521
5533	184
100	537
4272	511
95	5
5356	614
5355	519
730	413
729	260
764	472
764	194
5229	655
4362	733
5236	577
6033	654
939	484
2490	529
2490	325
5164	32
5496	557
2259	211
5166	413
6277	390
861	736
1713	414
5161	692
2567	607
3113	127
1964	180
3777	165
3781	511
3779	690
4522	629
4522	54
3194	152
5521	195
4440	769
127	554
166	762
1469	746
2996	575
3459	515
3473	124
25	258
1269	595
4853	83
646	613
449	778
6394	91
4813	444
4114	290
3247	333
3116	146
2739	121
4093	782
1110	496
132	20
2127	608
2127	370
2127	517
2301	20
3230	375
5030	47
6293	464
5741	522
5873	506
2959	640
4202	410
4202	65
4200	420
3445	618
5538	621
2035	343
1055	453
1056	165
427	246
426	238
3029	636
4643	73
3027	521
423	619
423	99
423	181
423	97
2808	77
2713	672
3500	143
993	256
3393	582
4997	256
1760	24
3765	431
5039	192
2283	677
6543	314
6542	516
6540	561
1792	788
5167	356
5167	483
1435	670
1435	518
4096	532
1754	263
1747	94
6428	749
6429	297
528	755
974	629
1181	118
3182	592
3182	355
2055	513
2241	762
6937	749
2245	755
5716	84
3123	494
867	493
1985	521
2994	323
6919	323
3721	207
1489	80
5943	436
4277	724
289	42
289	175
617	550
4100	308
4995	598
142	70
6898	722
2957	287
4467	314
5887	719
1034	703
1034	187
1300	31
3911	78
6484	123
65	613
6940	788
669	304
2366	478
4680	244
1011	103
3039	180
1196	27
4487	172
348	18
3436	49
2559	716
6232	383
5150	727
1608	335
1608	714
6672	181
6950	559
6924	120
6306	164
4811	61
2720	332
2721	565
2723	440
429	340
4636	504
946	706
958	611
5964	441
5965	268
1332	30
4519	44
1447	191
360	245
2059	75
2123	635
1869	407
2861	700
5659	98
5661	140
4856	736
1391	123
1497	505
6721	750
4208	204
4749	164
6536	43
900	349
900	242
73	235
6532	273
6200	624
6200	65
5922	102
3024	605
3025	205
94	127
6789	150
38	40
3639	244
1064	610
2351	252
2889	613
5305	230
5654	47
5657	682
5137	400
5921	616
2169	301
3563	167
3563	458
3563	648
3563	102
3563	423
3934	103
6746	586
343	629
3621	442
3621	212
3622	718
2448	23
6006	134
1003	24
787	254
5294	213
4151	502
1801	253
1800	437
2647	267
6332	538
240	172
3141	171
6876	521
4230	690
865	18
4772	590
2982	293
6106	32
2917	554
6967	530
4333	20
6302	757
6301	693
469	594
4286	190
3308	127
4058	312
3417	104
994	444
1733	682
6654	543
5881	263
3305	410
3813	108
1937	267
3078	185
2524	199
1040	479
1097	127
4623	748
5637	185
258	558
4371	255
1413	701
288	106
2596	472
1587	410
1587	65
6844	61
2356	180
4820	580
5402	43
3229	482
2884	23
3730	268
3730	723
3730	629
4965	528
4009	487
4009	678
4011	222
4010	487
4010	678
6373	265
1991	79
4639	396
2286	461
6257	256
2676	218
905	606
2165	253
1161	145
1222	377
2680	612
2475	180
2275	356
2275	363
202	198
3513	371
6708	477
5674	359
5674	362
341	252
337	137
627	5
5839	70
616	783
561	603
561	659
2192	382
6538	246
401	629
1059	727
4645	357
2484	439
2484	452
6374	2
6830	727
1582	567
1582	349
5985	538
1675	740
6114	740
4308	168
4307	78
4316	287
1119	618
5297	510
5296	417
6260	697
4957	294
3594	736
3828	146
3827	263
708	664
2492	601
6168	759
5595	231
2010	550
6245	711
6246	723
1167	525
4535	546
2080	214
4580	267
4279	381
3901	606
5592	40
3045	637
3608	18
3440	16
3717	778
5228	223
6271	280
5729	701
657	180
5315	47
2481	629
4851	708
3796	314
208	668
210	516
701	356
3559	110
5063	150
313	23
314	509
5322	127
1694	324
5312	565
1077	86
1080	700
4187	681
4188	745
4186	681
4195	202
6584	38
4189	745
4194	745
6164	707
5391	690
4232	291
5292	123
5889	616
5794	400
5746	141
6900	515
3054	371
1090	238
4996	266
6467	639
3356	642
1297	511
5696	736
3808	331
3409	97
3407	77
6922	131
4513	525
3053	269
719	196
6208	402
6208	398
6207	690
1881	737
1341	759
395	409
4302	539
1567	350
3919	380
2826	220
1899	342
1889	193
1883	195
2932	193
5856	49
6460	420
2376	509
4180	223
357	113
1605	384
6381	447
3782	71
3780	288
5054	515
5053	7
5466	756
5470	183
6206	171
2824	162
5882	756
6123	622
6562	238
698	174
544	312
2146	742
5445	164
4774	748
4776	540
4776	553
4514	329
4515	503
2920	203
4409	559
246	108
568	525
4617	378
3854	491
1569	195
4693	697
4634	756
2587	710
2588	297
5117	648
3191	175
480	521
482	127
6917	771
6677	293
5017	444
5511	254
5809	611
862	675
5848	706
4379	21
5711	150
1305	20
4911	45
4913	627
1182	767
1182	128
5369	755
5672	644
4343	28
4343	365
871	260
2788	47
5879	440
5271	347
4347	736
6640	72
5037	395
5036	719
3156	335
315	49
630	522
629	409
3554	377
4105	532
4068	78
4068	168
4068	43
1682	623
5684	467
813	532
6390	736
5055	103
5058	519
3775	424
3294	106
3296	552
5240	743
5773	41
6215	723
2449	344
610	698
610	354
6508	408
5306	62
2151	690
2809	711
3758	640
4101	752
141	272
6182	618
6179	477
2257	552
507	46
2337	711
4890	313
3290	359
3290	353
638	783
638	496
276	638
5836	749
6962	33
6962	630
2168	143
5789	624
3038	137
2129	474
1813	24
6174	612
1343	461
3573	144
4271	756
5864	363
5864	362
6775	42
6775	175
6776	14
2322	718
4906	313
2734	333
2815	333
5701	187
4952	447
5366	2
3077	255
2033	281
6952	648
3793	44
3791	417
3794	176
2025	160
2027	108
2212	48
5457	736
247	782
5151	121
3692	398
3692	327
6908	239
3008	418
2757	37
278	501
3988	396
618	688
586	506
2476	639
1954	408
839	606
4144	17
2063	200
5075	494
756	640
3396	327
513	775
2258	230
3967	303
4025	433
1637	198
1638	63
1639	310
6286	54
2999	514
3788	766
5103	222
5103	674
148	222
148	763
161	513
1619	698
6355	671
6355	564
2849	61
452	649
5247	52
4017	148
4018	407
1832	729
3391	497
4098	308
520	580
2532	402
285	616
814	305
1058	360
1089	619
6024	503
1684	405
1684	659
6517	173
2231	629
2231	272
4605	194
5977	699
301	746
1678	746
2431	525
3671	95
3671	135
5996	397
2670	745
1294	466
4156	496
704	752
5263	253
5263	308
5159	457
1539	456
576	782
4959	497
5761	90
575	357
117	255
1381	333
5070	82
5071	159
3806	354
1453	115
4938	96
2702	61
6368	165
1547	698
1547	242
1547	191
6790	358
6790	483
6790	570
2688	7
5575	693
5353	634
5353	582
2943	33
2943	630
1774	212
2733	123
4879	155
6110	108
144	744
3166	84
3075	608
3075	517
3075	370
1279	184
3161	411
6629	666
907	506
4569	19
2923	562
1827	519
3899	467
5774	612
4698	611
1036	352
1006	750
2711	551
1591	624
154	160
4365	352
509	150
633	571
537	246
3453	478
3452	68
5205	164
2205	161
5865	151
5307	628
3471	463
2367	435
2599	166
2599	571
5649	15
1831	183
4502	121
4689	643
4395	478
371	253
368	543
72	602
72	18
1065	329
4904	49
6862	545
1290	760
5101	707
2113	472
5340	402
1643	13
3747	770
5440	629
5440	54
5437	409
1272	490
5274	685
557	755
559	636
1867	729
1397	172
4790	679
6550	644
5249	107
5213	252
1750	753
6828	357
4985	756
4046	337
4044	746
1479	685
1617	15
1621	749
250	206
1558	513
2112	593
5917	393
6268	183
5363	575
2138	670
2138	326
5519	376
1520	528
1519	700
1515	417
1516	672
1521	7
4249	59
6384	165
1331	629
1331	54
5515	716
5888	616
5890	616
1666	686
3456	368
4426	358
4426	356
4426	362
4426	353
4067	690
5769	280
6777	48
6353	752
5710	20
3676	776
3679	600
1930	52
1930	268
1972	253
2716	693
6636	697
5012	7
3096	403
438	603
3352	180
1767	253
2545	618
2271	728
6153	694
3670	682
1589	631
1589	446
2616	759
3673	777
2405	519
1334	127
1291	366
4355	205
2582	268
2886	268
3134	208
581	405
581	406
6217	311
323	199
5476	769
4619	671
5129	572
2197	618
3023	747
2190	308
6971	736
2426	508
2181	569
3871	436
433	749
3288	520
891	767
891	128
2700	131
2863	411
2825	622
504	150
1584	21
5945	172
4110	217
271	72
112	743
4108	462
1183	178
714	308
6415	625
3071	228
1738	405
1738	659
4131	377
131	542
4080	385
5947	629
5947	54
923	5
3817	719
355	727
3014	20
3712	544
5089	120
6340	706
887	205
5614	325
5614	529
145	553
145	540
6143	122
6389	486
3110	578
1144	736
6485	206
176	402
3909	524
4792	60
1732	732
2114	114
1154	585
1797	677
440	290
1384	86
6393	702
4246	685
2512	355
2512	592
677	119
3028	56
1206	444
6764	719
4758	69
4759	651
4759	42
4759	175
4759	79
4759	68
4759	281
4759	762
4759	262
4759	673
4759	642
4759	259
2015	275
3114	395
2806	20
6799	640
3994	745
2963	619
2963	181
4076	629
2443	629
318	353
318	483
3678	283
347	329
5203	256
5401	420
386	180
5082	218
6154	252
3094	332
5268	786
3082	61
828	402
5337	382
3707	298
1879	93
1191	741
2983	639
2736	585
6822	224
1190	391
5126	122
1757	290
3714	516
1522	264
1778	603
473	672
2901	681
471	180
2908	562
6667	393
3377	497
6300	382
991	739
1210	571
2122	144
754	119
5737	740
2640	151
6450	522
5500	258
3467	757
4360	20
1804	740
6949	183
3572	43
1530	125
742	261
6195	183
6196	436
5664	165
2248	122
5663	33
5663	630
2243	669
4743	748
5667	258
3357	720
3084	275
3378	407
3553	140
5245	531
5578	203
1710	502
1709	502
5333	576
1613	218
2330	727
521	654
6610	40
3283	180
3282	109
4061	234
778	301
1698	176
3130	428
6914	322
6916	382
1278	644
682	680
5518	466
5518	414
2404	206
2403	506
594	736
3432	421
3165	170
6320	574
1126	382
1913	190
410	113
3171	377
3651	402
3651	398
535	213
4269	694
5233	416
3544	629
2722	744
4376	106
4679	20
6853	113
359	410
2225	174
2069	755
1953	409
1953	406
4508	248
6473	137
5643	8
6774	10
1121	290
3786	98
177	638
2079	320
293	500
6935	284
2244	24
2388	339
2550	195
2714	40
5199	127
5192	632
5265	639
5266	668
3148	778
1120	427
223	301
416	81
684	692
5422	416
3528	109
683	79
680	180
681	68
686	491
1117	431
3991	414
4887	360
962	602
928	174
969	533
2658	761
3264	138
6338	211
1299	460
5499	491
5501	629
5501	54
648	56
4678	649
4611	183
3576	279
4211	552
2938	737
4573	124
2058	76
2273	238
4760	157
3643	501
2038	336
6929	783
6929	764
6929	763
1083	426
524	749
5749	621
812	650
1432	410
5512	378
1598	571
4248	531
49	48
50	738
2447	632
5609	127
3613	269
150	172
4842	636
2537	23
5348	25
3232	664
12	354
4895	412
5953	15
5953	136
2769	411
64	727
6552	532
3199	415
3085	252
4483	525
3649	137
4030	733
296	382
661	560
4029	394
6433	102
5064	679
1876	758
5328	748
5329	738
5845	342
2216	532
6327	774
6180	676
3334	141
768	329
3619	747
4894	402
643	180
644	47
1323	115
3683	330
2458	418
4065	775
2459	102
5282	498
244	679
797	1
4438	753
4437	621
3866	717
5775	531
4944	457
2048	402
533	20
2391	308
6400	235
1237	613
3835	414
6026	469
3915	9
3913	620
3530	49
3530	224
3530	395
2561	498
5218	23
2546	531
1734	756
1731	314
5704	279
2872	172
5876	204
5561	174
6596	73
3706	607
2656	378
1919	741
5335	674
5335	450
5335	234
6104	621
910	87
582	34
62	718
6909	674
6909	703
1590	349
2541	660
4117	662
4832	469
4832	186
4832	698
5344	592
5750	402
2160	268
6851	505
4882	193
2970	607
1501	783
1501	234
1501	499
3995	482
3869	601
402	463
2533	202
2533	53
878	101
4206	394
4206	430
4205	129
613	660
859	172
257	649
260	417
3275	376
6235	449
1592	20
6442	308
6442	602
1565	254
2805	11
2297	624
2150	105
2856	34
2785	505
2417	308
5162	784
6537	528
1266	126
2710	244
2050	619
6699	55
3102	180
5111	262
3281	265
2421	172
5958	404
3162	275
5886	280
5588	739
609	64
2167	20
2167	550
2166	663
2562	153
3026	78
4644	749
59	339
2016	618
5385	618
4480	378
5493	776
874	587
2969	669
6169	277
6869	372
6513	379
5709	252
6172	629
6172	54
3210	650
3125	40
6918	470
5961	332
2859	311
1866	410
6372	45
972	79
4646	192
967	329
2987	780
2986	489
6491	758
5077	608
5077	370
5077	87
5665	722
6193	56
85	745
3661	20
1844	138
1177	539
6504	396
20	484
3945	221
607	583
1833	252
4518	302
5435	577
4027	744
3527	10
2638	719
2381	739
2380	242
2091	585
1860	629
1859	480
5267	314
1861	59
5003	564
4112	150
1581	23
3112	112
1192	401
2005	181
2008	741
2007	312
5276	670
6842	32
4001	33
4001	630
3055	693
3056	409
5650	125
5293	744
6691	123
6686	96
6689	511
6050	252
2850	443
5940	332
4628	348
6016	134
6016	786
4928	65
4927	525
4926	618
1779	262
4924	295
1434	79
6241	486
6276	354
6362	150
5078	505
6478	234
405	219
1706	585
2328	262
1723	725
1482	629
1482	54
3482	399
5605	505
6004	496
330	35
6736	240
6028	18
4293	619
5930	235
2839	653
2479	551
3954	352
2198	713
340	15
2744	405
5432	393
5556	91
2480	506
5463	450
5936	65
5937	40
3516	3
3515	290
3587	609
1458	681
1459	290
4268	380
2887	525
6039	670
6039	326
6039	518
2085	519
5545	99
3291	170
2126	720
6416	398
6416	327
4789	141
6554	152
6554	472
1002	371
5360	186
5360	189
2879	420
4193	270
4192	566
4190	673
824	491
824	216
824	591
824	547
824	251
824	482
824	766
824	645
4191	522
817	755
825	525
825	41
825	110
825	401
825	119
825	45
1019	509
1229	608
1235	168
1233	177
2571	408
2571	227
356	144
640	46
2900	38
5286	639
3126	552
2662	696
1523	315
2895	655
3889	293
4399	254
3784	89
3838	277
3124	578
1486	596
5178	67
4384	506
4386	565
6013	508
1658	745
5850	98
4616	339
2288	288
6951	150
6209	629
6209	54
4082	583
1240	16
3592	745
4523	682
3351	440
3349	382
2770	655
5221	783
1380	230
4559	52
5755	195
5755	193
4632	319
4539	404
6472	627
3713	732
2457	584
6012	788
5803	451
4912	50
6946	496
699	578
6506	566
6507	328
6063	132
502	258
5253	175
5253	42
4662	360
4390	40
6102	127
6101	629
1700	602
458	5
2196	623
1221	748
611	137
1673	341
3157	268
6759	746
6269	580
6005	708
508	325
508	529
4245	3
6705	269
6067	419
5577	70
6539	120
3120	12
3120	271
6671	411
5689	164
254	448
1324	408
555	294
1741	470
459	272
5762	452
5762	364
1495	512
6474	6
4073	157
350	644
3864	23
194	693
849	43
2516	106
2515	14
6449	204
6448	108
6529	747
6454	525
3876	167
3872	593
3293	528
3295	554
2385	440
3274	268
2952	191
2952	698
1122	176
4524	350
5946	402
6881	68
5193	409
3585	347
1609	756
1611	289
5044	776
5044	321
5044	590
466	405
466	406
1915	462
5304	627
4951	629
4951	54
1871	40
5431	369
1513	717
5707	524
4620	231
2186	171
1945	129
5287	39
5287	51
6137	67
6136	639
6138	77
322	346
4712	20
6445	694
1242	381
3687	413
1162	491
1160	390
1038	447
1135	378
2441	786
767	43
6958	315
766	304
6955	205
6954	744
6953	648
6948	183
6959	183
1228	513
4991	658
4226	20
5425	676
6254	108
5015	86
2965	634
6096	450
5332	698
3439	542
5027	408
5027	451
6456	108
1822	540
1822	553
3463	107
1650	779
5642	690
5510	405
6557	665
4656	320
6391	273
6815	722
1475	108
422	601
5421	45
2905	383
3629	714
6422	93
6427	744
4574	236
948	524
3628	682
6219	23
580	772
4568	534
5868	668
6199	121
1398	427
4537	744
4533	663
2177	601
4665	205
230	63
387	275
3089	736
2874	24
2874	719
1217	183
4466	746
4469	414
4468	281
3897	576
5318	86
5399	420
3820	233
3820	29
2242	181
2049	670
2049	326
2049	518
6370	167
2756	339
4650	698
1759	582
3603	511
2956	122
653	150
2851	754
232	102
3937	376
2897	294
4647	54
1958	20
692	473
1052	110
2249	49
5915	235
3004	477
4217	452
2715	629
2034	192
2717	320
3353	84
1345	620
869	672
868	41
5146	436
530	55
4311	66
3033	747
3022	747
3328	382
1642	255
499	20
4824	376
4717	735
63	719
6511	366
565	20
4453	750
3081	20
2354	502
3873	205
3221	122
816	105
5045	425
108	550
1234	639
1012	122
5242	763
3336	38
6639	525
2663	268
5713	43
6608	121
3273	20
2350	47
3333	654
6892	654
3186	98
3518	672
3517	78
6051	682
1551	784
1553	682
3103	693
2075	223
3100	615
2178	259
6574	749
2973	402
5869	561
2250	414
3893	123
4306	177
818	755
6351	602
6930	152
6930	472
5720	501
6190	727
1050	629
5611	61
5799	659
798	354
2764	436
4585	20
272	275
3600	639
2180	647
3208	77
1476	160
5973	680
5963	527
5962	693
3271	635
5819	701
3545	629
965	618
3215	672
3217	516
3218	510
3213	750
6480	350
5209	623
858	100
6214	749
4624	23
1735	155
1503	615
4063	488
1271	263
3127	77
3073	119
6311	629
6857	685
1223	617
4296	693
4295	79
4290	149
1194	490
2729	234
2729	703
2729	674
806	230
4273	626
4695	511
1313	559
5381	271
5381	12
6079	410
6113	12
6080	642
6809	204
2810	538
2338	754
4762	236
4762	228
6431	613
1957	402
1315	147
2199	268
2218	443
1773	224
2217	443
4971	639
6912	783
6911	783
4310	49
3384	237
3384	222
1125	65
6856	100
2147	369
6065	731
4676	112
4683	206
4686	183
929	25
242	20
1998	705
6701	699
282	43
5993	505
743	705
743	583
281	123
279	687
6367	543
4545	20
903	474
2586	96
3465	520
6176	143
2221	462
2220	693
789	578
3941	666
6105	609
1159	272
5607	330
6731	690
5486	280
1224	175
4610	423
3783	478
1436	505
4988	608
4988	517
4988	370
113	574
2277	105
4921	430
1164	212
6265	283
4627	695
1273	740
1951	78
225	385
3489	95
2427	629
5028	185
810	411
808	127
807	255
3551	659
4929	693
6312	557
6907	783
1978	48
2415	202
2611	637
2610	367
4339	738
6614	81
1679	455
5341	756
397	419
2812	142
3444	738
430	93
2754	505
1111	419
5442	362
6150	512
6148	183
1438	773
4234	39
4312	28
4823	388
6496	444
4602	616
3426	260
3688	268
6064	282
4184	554
3656	356
3656	363
1303	204
1993	167
670	333
6055	639
5411	637
4577	98
3552	350
6369	6
5169	692
6724	498
4536	469
311	275
3050	579
5086	78
1415	5
1129	342
1374	139
4920	67
4666	140
2732	564
6753	707
2170	758
5395	43
5393	770
5393	53
5393	17
2001	43
5390	139
