1192	1426
2840	1491
198	1753
2997	215
1783	1203
2055	2062
2105	273
1617	2179
248	985
1533	2056
1857	1816
2262	1036
2185	395
2072	1169
985	2193
1555	148
116	619
1776	2123
636	531
1410	1280
98	1543
559	1802
2008	622
192	458
348	507
2717	2086
28	985
502	350
1397	1282
2957	1758
2781	2164
2211	2166
2475	172
211	129
398	1099
237	1195
789	569
1899	1233
2867	2250
1358	220
588	1491
1182	14
1653	1188
2567	1721
22	45
1134	480
2209	135
73	68
2881	1435
1345	55
2615	1491
2576	548
1937	2107
1689	386
2836	1381
254	1667
402	1607
882	1387
2302	1546
2279	2244
955	1857
227	781
1279	1449
2353	1845
1432	959
1420	908
2748	621
1974	498
632	1263
818	243
2137	262
2567	1357
662	1008
701	450
2003	2086
2895	1563
1476	238
837	1313
2418	2050
1538	2246
1782	900
566	102
585	899
628	1487
1689	73
634	1600
1765	1246
2203	1266
1308	2156
770	1997
2164	1083
2855	1154
41	1870
1832	1053
1036	1066
1325	397
1632	1543
2045	1786
2127	1863
858	255
2463	1909
307	923
341	1641
2312	578
785	595
2873	1607
2231	1441
891	999
1095	347
145	1840
15	2230
608	730
2211	201
1595	1505
1307	526
312	2108
100	1479
2777	1796
3007	1672
1797	1008
2202	1649
2812	178
822	1279
1246	472
2080	1032
407	774
259	1125
2967	1781
2394	1280
2334	702
1146	1894
2675	719
483	1146
1617	1744
2439	934
193	1674
2242	373
2262	1899
2628	2142
1425	1841
622	2230
811	2189
2625	1867
2069	605
2110	2049
1836	890
2805	1112
949	2061
324	2190
1551	716
662	1840
822	619
1147	820
1665	1998
776	2130
2900	1605
1280	760
2589	1254
289	887
1219	867
2592	932
1164	161
1764	1453
2905	877
1214	1243
318	1753
229	1385
1212	1744
503	2065
832	702
2279	439
348	1273
1856	40
1028	733
2654	207
1545	1453
1129	484
1059	5
745	2163
2933	2128
2177	1200
1064	575
1558	1206
2298	2055
2185	386
2783	1330
1719	660
1773	864
1100	781
1461	1777
72	236
1950	1593
1814	1459
2519	374
1533	1049
1214	886
819	1393
244	207
1720	345
2098	859
2603	166
262	879
1951	103
2539	702
1691	1834
1699	1786
869	2151
2653	2178
2492	1426
2847	1412
1939	1329
2683	543
715	2087
136	349
2232	247
2750	2151
1662	715
637	262
1139	1750
1325	1932
1212	902
2694	1107
696	1870
707	2040
217	434
2474	781
2775	1598
2206	61
265	1835
2941	1381
1661	1248
2205	1489
712	1248
657	2185
181	2057
2833	521
1476	1022
226	2044
2230	1973
2241	1563
1627	1016
2675	519
91	1846
2807	1426
318	1199
1977	1237
2619	1280
2495	2114
1288	1403
2232	1328
2756	2151
1636	1593
2578	774
1015	1266
48	2198
2691	567
813	135
2621	2030
2744	356
705	1378
1689	1517
488	401
2504	1607
211	268
2501	1769
869	487
2038	135
2136	935
1797	1875
954	207
2671	197
636	1266
350	2225
999	1296
1262	919
2055	208
1974	261
1658	856
1778	1579
374	1050
539	232
2194	924
2771	467
1730	1599
2966	89
1921	1800
696	250
2094	2115
2225	131
2597	215
1189	2130
1518	1884
2477	910
2527	1553
1961	607
876	1035
877	1652
2912	1603
1307	2022
2769	406
2021	620
991	2168
2513	505
806	976
2354	1944
768	1867
1904	1757
2094	1608
2212	2051
1008	2234
1520	1302
2875	1351
535	1197
2255	1859
2941	838
2210	809
1187	1313
1954	498
715	1208
2230	374
997	540
2555	231
2071	768
2397	1776
693	1266
938	1381
2472	1608
150	2159
431	1167
2853	897
1093	1617
1175	55
1337	1597
2291	148
785	181
1996	505
2311	633
782	897
2765	2142
957	1563
2951	1243
947	478
1742	439
1610	838
257	1852
1701	193
1576	68
3003	982
756	1142
393	1867
2202	802
17	1401
761	936
712	992
2941	511
435	2064
74	1032
2832	2011
2655	198
685	2133
434	220
362	55
405	420
2769	950
2770	1490
1172	990
900	289
1741	879
424	258
1097	1597
259	192
404	2115
2608	1432
2806	802
718	739
2361	1601
2076	2004
1121	634
2831	46
1871	1692
1210	1850
1894	2143
2127	1348
1520	1777
2656	606
2738	788
2661	2198
2805	599
1570	598
138	2081
1031	1841
1509	1491
1890	741
2637	1020
1915	2163
2630	890
2812	371
1770	1547
73	2062
1360	219
389	68
1372	352
1120	1294
2770	848
1906	1148
1778	1839
892	955
2127	186
767	266
2388	318
2798	1463
2756	1742
2754	1874
2098	1711
1063	2044
1618	2065
161	845
2873	413
2893	2057
1939	2221
1965	1428
1618	1083
2048	272
526	469
1414	381
374	363
330	1508
34	1608
2491	2133
2451	1568
1060	815
737	555
1409	212
1673	1385
182	809
985	1366
2230	2057
1377	578
2831	796
484	1449
1034	1794
2976	2062
512	1487
1057	909
1682	1487
1487	1707
1852	1641
235	1969
911	443
520	1541
2560	1008
2684	257
1546	122
84	1756
2273	1116
2503	855
259	112
906	936
2878	1122
1479	802
869	505
1438	382
832	1807
2861	900
709	458
2142	2086
936	1064
1787	781
2646	1252
1005	1329
2378	1721
2896	517
2411	2040
572	1505
534	2107
1417	688
2364	1688
2183	2268
2110	1512
2650	619
2753	1493
1021	1505
1306	752
2066	1471
445	268
129	742
1540	472
1132	2137
2271	2151
1039	748
637	756
2127	2050
1302	1406
1382	1839
2560	864
82	2114
2916	1138
2632	1380
2362	1674
1307	27
258	1248
925	2051
2181	1425
1759	1349
1258	548
770	2065
1901	260
2934	1684
2030	2164
1545	1146
2871	361
2683	641
2045	2137
1540	296
1615	103
2742	904
2721	1769
1291	334
948	104
1387	515
2388	2065
946	1241
259	2013
2081	485
984	1160
1743	117
344	1517
432	1352
462	2025
2646	729
2022	1126
2643	1707
30	277
372	923
926	1355
2887	877
1397	2142
406	2007
2160	23
2540	2142
678	2142
2495	472
1521	1361
1652	729
1054	1908
625	472
163	1055
2812	1803
1718	1369
1915	761
712	2164
64	1117
1095	632
266	2114
2233	2041
84	493
309	1977
1202	2082
1149	1060
713	325
327	1363
2444	568
1665	124
1277	1597
969	575
2165	166
2286	1445
450	1658
577	122
1062	531
2654	1623
984	220
246	688
2472	682
545	1410
2825	195
1540	990
2267	2202
741	1409
136	372
2977	425
1060	2107
2977	268
1477	1156
614	1657
473	1764
1668	1248
1450	1487
198	1834
2614	1969
2213	361
2152	1252
1936	1535
811	446
1567	370
1385	1955
790	361
1352	297
2205	1182
1449	249
145	1641
2444	1297
270	2136
1258	2155
2014	1414
940	5
1351	351
2941	1241
2008	1587
1592	201
715	904
902	783
1991	2110
1951	1179
1583	846
681	145
375	459
3020	999
2487	1755
2149	40
984	254
551	947
463	148
2443	773
1065	513
28	2151
1634	1877
2483	359
1453	2042
783	1473
269	740
1955	148
1094	1243
1546	1827
1229	668
2164	458
2681	2057
1511	1899
1048	289
496	1600
804	1934
2875	1155
2976	277
2754	1449
2194	269
413	148
1026	273
1247	1563
3007	1684
2319	1807
2483	759
235	924
2645	1776
189	873
2868	534
1666	688
2205	1043
432	606
1376	908
1937	952
301	522
2513	1171
2704	1509
1635	2151
2609	2127
2690	1257
2950	498
2504	21
424	929
2665	1679
333	1842
2116	1381
1499	1679
2036	523
2687	586
859	1695
40	498
1194	65
1773	1361
2043	2003
1992	1492
859	1487
1380	351
967	1880
1893	349
549	633
712	444
306	724
475	2254
519	525
2696	1491
2781	72
1439	531
1840	1148
1674	200
1419	2109
875	936
2292	449
1956	1750
2646	1521
1032	1591
545	1636
1921	1535
2077	1770
685	952
1894	634
1724	719
77	693
2611	1687
636	1252
2014	2148
231	1388
2049	1554
959	869
2435	487
2259	1203
2010	1354
2513	1744
1400	271
1883	1381
557	2264
256	40
2441	1592
1267	190
1397	783
2228	1308
2879	590
1222	2049
2394	1206
412	1867
103	660
971	401
354	698
761	351
940	1411
338	886
2192	472
811	645
1678	472
1418	2193
655	1840
1429	193
2597	1996
2312	1198
2962	2177
2460	918
1505	702
1304	1726
1867	220
2875	2164
1347	1116
1652	1491
2380	890
2875	2146
163	1437
389	1777
2516	623
2601	1026
421	20
2576	931
110	1853
1322	1409
662	1406
1545	1382
1153	847
2244	171
2019	729
2505	1600
2782	1679
2880	1782
2178	487
109	2207
1853	1873
955	295
2718	495
2683	2057
524	1890
933	1981
1921	1615
1227	2019
2595	1599
1235	1769
665	2206
2127	351
1374	2021
1315	1607
1682	531
2574	271
54	282
2143	1149
969	795
853	515
1054	1681
341	256
69	2185
706	132
2380	1641
1604	809
2720	728
2482	2151
1210	1503
2501	519
2666	377
2295	719
1327	1381
1634	158
382	355
939	1744
819	949
2069	135
1825	1641
2678	140
2733	1324
2083	1636
713	1487
573	1351
949	2134
2332	102
1671	471
875	1432
1996	1319
2926	2192
1093	374
2480	271
2317	217
2781	2026
2456	450
2115	78
1668	458
1145	207
2571	1329
1917	836
1918	2260
2209	1420
2310	107
124	518
454	324
2898	879
413	2165
3020	374
437	1306
637	434
1062	1266
2041	2151
1670	2050
1212	1438
505	1744
2914	1329
1602	1266
1483	752
1423	684
323	186
1233	2082
180	585
2593	1380
2065	347
1490	2057
2727	1434
172	2187
23	2091
1204	450
1770	809
2471	433
622	1553
1006	2065
703	487
2597	107
130	1406
681	1884
1417	770
987	1607
2093	1635
1098	1515
891	1863
617	1841
2048	1248
2959	2218
1703	199
1583	300
1903	605
1959	1867
2868	2003
991	2193
417	1002
2728	130
2206	230
362	1721
647	1092
1091	2065
899	1753
613	1517
735	1874
1023	1509
2126	482
2003	347
2237	543
2507	715
2812	795
2166	117
1300	472
2340	2022
1309	1374
2931	1249
492	2128
844	179
2492	1391
1752	1841
409	2065
1214	452
338	2232
2503	774
1991	2153
1169	347
2897	1679
528	752
55	1865
2483	1381
1284	1959
642	173
123	435
211	1111
155	531
2069	619
1485	21
756	1681
2140	1919
480	902
2979	1019
1308	2137
2795	193
2634	968
2380	560
2758	890
385	376
2229	1266
2603	2125
1806	688
197	2164
259	369
369	688
2496	620
1054	1813
1529	1580
2931	1139
1526	888
2191	39
2200	2091
951	952
707	1613
790	2038
2148	1357
1537	845
173	1641
1048	1449
2980	1949
374	1966
436	2128
3015	1677
110	1103
2201	1409
1048	193
969	1977
2656	890
2321	2142
835	220
2212	1607
2689	99
1954	702
3017	1867
2278	1719
2950	397
654	829
2666	1664
205	397
2196	1094
2448	374
2079	1572
1573	1009
764	1294
2705	207
62	1678
1611	260
859	1721
1122	120
1562	884
2615	1679
347	1382
347	626
2491	986
2425	2051
1188	1437
1414	617
418	220
988	289
599	578
2132	784
2612	1867
22	1035
1098	167
1537	1942
2278	550
1967	1867
687	961
1997	1369
292	2178
776	347
1582	1873
2173	1381
146	612
56	83
807	773
426	2074
2864	2117
718	1176
685	1827
2951	231
465	1248
2010	1562
2932	1776
2800	1560
2055	2117
1519	542
32	905
620	122
1195	2057
2475	2150
1654	307
1646	973
1179	845
2781	510
1467	2267
2444	413
636	1997
454	1652
2335	774
1385	319
2388	1563
2106	1007
1013	7
694	1547
98	1264
1180	359
1473	705
1441	231
546	1903
68	976
358	1014
147	1348
2710	1777
406	2187
2087	125
2661	148
656	1108
1352	200
2721	277
636	2133
2481	443
2626	166
2475	186
452	865
2878	450
2578	1010
1350	5
1021	1867
2663	2221
1137	1894
1063	1060
1533	425
779	1532
341	2230
163	2253
2220	1543
662	1614
2071	2237
366	2223
907	1666
1674	1770
2721	233
1529	2118
2977	254
211	736
1774	1154
863	2178
2705	1740
112	1060
2270	1212
2767	1382
2271	303
2705	1193
2081	1829
1258	1441
1313	1840
696	1877
1192	2103
2498	1867
770	1559
1155	896
650	705
1089	1809
171	1900
726	1159
1463	1980
1607	708
2988	2062
243	1449
390	995
385	1105
1512	1955
949	1721
2916	1441
1444	55
2051	2190
1618	2142
512	2126
2412	1520
906	605
2630	635
1233	297
1784	1909
2143	6
365	710
1592	1589
1359	908
872	1602
2976	310
1033	1156
2397	1515
517	72
2679	1355
569	1851
872	482
831	750
2914	1000
2502	1332
1917	960
2896	541
2756	460
1561	1441
402	841
1950	1714
2106	1563
2784	459
734	2086
1445	1610
580	2011
2445	1721
1820	1607
2490	2216
2706	1248
2433	1730
567	1453
314	1786
1999	389
2067	134
2136	993
247	325
312	1744
2402	603
2126	2
1870	984
1164	501
766	752
1118	487
807	21
2752	1515
89	207
1836	65
1265	1867
2684	1547
986	656
2273	1829
2388	1165
1666	1721
407	1841
2536	689
464	1479
2209	222
2518	1532
2305	517
1879	321
1437	1867
474	1655
1210	1449
21	268
1367	1682
28	1753
1896	1479
665	1487
78	2233
111	220
2131	1992
2210	613
1609	1351
1789	1266
699	320
347	1518
372	280
2072	363
74	2208
13	1957
1390	1676
1619	44
2617	571
3005	2085
767	1867
438	877
433	1841
2626	1087
217	220
1600	1867
712	1560
2694	1679
609	660
2282	719
2564	1310
940	1835
2513	886
1830	1986
688	271
727	269
2157	162
116	12
1353	1357
1214	1360
2696	1515
1441	450
368	2151
2574	1301
1997	1487
2247	1867
2238	369
431	531
2344	220
1246	1106
1175	454
2003	1333
2240	677
1711	1607
1448	1841
2165	1909
1810	830
1494	681
807	1739
1413	1355
2211	1655
418	879
1912	1162
512	1168
1305	280
1662	1351
394	425
2531	2142
1691	1576
359	1794
577	1641
372	1097
734	1880
2920	1437
1560	2151
2409	2133
654	386
848	492
559	2029
915	1366
2317	678
376	1420
1593	2066
674	68
1964	1891
746	2135
2416	1880
1304	1698
565	1777
1481	220
1907	96
1602	649
2781	887
933	495
1204	2238
1709	1031
1546	958
305	1687
2212	1266
1776	1406
2563	322
2236	327
2378	2200
2901	1441
2388	1786
1149	458
1380	231
2665	450
2309	1405
1091	531
1010	1849
137	375
1750	2007
900	475
2365	1996
2912	412
2290	1512
812	1758
440	519
1481	68
1018	1410
1731	1111
1570	2051
1659	739
2339	270
2015	397
1869	1853
177	1754
1757	292
126	1338
2705	522
39	1280
2114	1986
572	401
2712	434
793	689
516	64
812	717
1881	2065
2042	2210
385	2065
746	619
2163	1857
2110	981
375	1728
163	752
1175	2209
1319	1281
1832	1361
1214	374
52	1491
1173	1777
1336	2240
418	1437
310	1909
732	1122
1735	31
812	913
2959	405
1093	1764
347	550
482	1335
1251	323
679	444
2384	1655
623	92
1307	2166
2354	70
712	434
1889	952
469	118
1713	822
513	1888
2164	395
1564	1867
2603	1804
1200	774
1904	145
53	398
1615	431
1057	1425
80	1894
159	617
1153	796
2359	877
2627	1381
2435	2102
1284	2211
2278	1334
1543	1589
1452	1867
1832	859
2218	1641
312	662
1147	5
1752	1407
285	629
1039	1795
369	1706
1000	370
2951	397
1269	769
1927	881
815	1426
2131	2079
305	214
2472	1257
2115	2211
2210	934
277	1208
2412	1517
2544	2146
1536	1146
2830	254
2492	620
2753	2040
1097	459
2441	2050
1881	2055
1980	1508
53	1096
540	1765
2412	160
825	1882
732	1623
1725	501
555	1329
1350	1827
2000	1453
2243	1423
2460	1340
488	1248
214	754
2500	1848
584	145
1814	159
2202	1540
1171	979
1338	2190
905	1420
2288	1029
889	1840
362	2247
2744	240
1063	498
375	1658
1404	1807
613	1441
2131	543
2681	591
181	309
1540	1974
2020	292
1124	719
501	347
629	495
1267	103
426	982
636	1083
2759	534
2173	1560
2608	1685
765	1301
92	1641
2194	929
1182	1008
770	567
1307	212
867	360
358	1376
799	1489
1454	718
1242	890
658	2142
2907	1792
473	1080
260	475
2232	841
2918	2203
1658	1425
2225	1281
279	895
2518	1600
1324	602
2689	1487
887	401
920	472
897	2232
2319	374
287	895
331	911
2503	1566
1708	599
1187	887
2814	1796
2517	2016
409	583
874	472
695	173
2959	2163
1708	857
2875	494
2194	1058
1255	1764
1973	1744
2504	2082
2862	1879
58	845
1260	385
1226	976
2003	935
2547	1248
2941	741
767	1874
2547	1597
2683	1083
1607	1008
2850	1377
2184	2004
284	1103
1495	374
2727	719
1055	1919
1554	1477
1325	333
2480	2128
776	1451
3006	2269
524	1264
418	1777
2696	472
2013	567
2684	1087
2576	1899
523	1698
1546	862
1657	2121
2178	1246
2582	38
2117	1517
840	21
1315	797
1973	1857
285	280
1287	809
2015	457
75	2102
1735	1311
86	2054
549	538
1338	1381
2519	1563
2875	535
505	1641
3010	774
1496	2062
898	177
955	2128
395	2006
2340	1875
1197	1776
2234	425
362	343
1342	1899
2564	1521
2220	689
341	629
2833	866
662	2064
822	2058
1663	1154
985	981
2567	1395
2508	855
1098	254
1470	1963
598	166
723	703
545	1822
578	1248
1544	1764
1697	1362
2771	395
1302	193
1476	1159
1116	539
364	1812
2527	38
20	1543
2063	520
2376	2141
1725	1450
782	1316
2863	1179
1537	508
1414	2062
1271	1053
1300	2149
486	1753
2937	1336
1673	2254
1345	1321
1032	1155
177	252
904	1265
803	2130
2771	269
1095	1655
955	213
1160	1355
1443	1880
380	1623
484	2230
2313	729
2033	1517
2264	197
720	1179
240	1910
720	321
2014	220
695	325
2940	1441
1300	2211
33	2004
2756	922
461	1625
623	374
3005	401
2244	324
2441	129
2513	809
2127	1658
312	796
973	1614
1670	472
1933	517
1961	1607
1013	2057
16	1687
2065	2126
2065	432
795	1449
999	1517
1461	1450
2519	1116
922	1600
665	866
1008	231
1019	1867
2550	2161
1147	2055
1197	1909
212	1266
2300	833
1565	263
1159	1517
1816	2173
1746	741
2931	1004
2629	1035
694	2200
192	38
338	450
2163	1366
2950	643
25	1753
309	741
2371	487
2460	362
694	2098
2131	1409
62	1512
2536	1600
2087	107
2021	2145
395	1062
862	312
1881	1735
1654	1832
2679	395
1076	1380
1544	2164
2771	387
2915	890
2200	1400
2196	1859
1374	1999
2940	1722
819	2151
950	1553
1551	1124
1225	899
547	1301
1352	2087
2677	596
1919	1711
240	1045
456	2183
2164	605
2666	2264
83	1344
671	1875
372	806
2080	546
2317	1491
1320	38
648	1888
422	2025
2445	952
2713	1353
2499	467
2593	269
1939	1757
889	729
192	1419
1126	978
1769	752
657	2225
545	2151
2239	325
2096	380
2783	1931
936	487
939	1337
2800	1363
402	1643
1093	495
795	277
355	1241
79	138
1847	2133
1977	693
1762	851
1310	2128
1358	112
2023	946
1985	926
1416	534
2115	1301
1662	2102
2771	1840
977	471
1020	1491
2101	1497
730	908
628	2091
55	1210
549	1941
1476	1306
2642	1447
761	1335
261	2110
2003	505
2820	1449
1065	940
2532	1873
2767	117
1449	1269
2032	97
2185	1125
516	2211
1525	2241
1101	682
1785	188
1698	1330
2667	1083
2460	1131
549	1428
265	865
1848	753
1867	1428
904	166
1258	1083
28	1138
1494	21
234	1482
1018	2130
2689	68
770	1517
2593	1919
1968	1444
1017	219
2391	2022
2867	397
1164	775
1869	2105
2495	1578
2862	509
1551	1875
306	1203
703	1118
651	68
195	76
2396	1146
1459	1426
2925	478
255	1385
1398	1351
2235	1266
245	833
2337	612
1965	1636
409	1083
2364	1654
820	1948
2946	721
1235	374
2864	1942
255	1277
2869	491
2505	1977
2445	689
572	1351
2444	845
925	687
630	2126
2948	105
174	531
1129	1329
2060	1115
1238	1490
1266	1976
812	744
56	290
2498	2136
2362	534
1017	1867
2495	2188
2290	1547
1710	738
2705	355
2635	240
303	535
1048	1807
1041	1859
1519	1867
2014	1020
863	393
32	2212
2312	1040
2608	2198
73	2133
2126	992
418	1083
1222	134
2512	2151
468	1742
1008	1479
1832	777
969	1420
2220	1449
1380	1753
2715	2246
2555	330
2080	2174
2252	1768
172	689
128	1563
890	519
2053	2250
332	952
21	1807
2408	961
1951	1035
728	438
246	1776
262	435
820	105
1810	1425
360	1595
1357	1919
2217	1318
1347	1929
2688	472
1851	1702
1093	1491
2902	701
896	1641
2877	105
2100	1815
1554	934
861	860
2722	1256
2277	938
200	121
131	925
1307	76
2194	553
1196	1441
417	1898
2174	728
307	2020
2444	621
1294	9
141	900
2644	741
2489	1362
1266	841
379	2137
2179	1768
1871	1491
431	1441
481	1173
2340	1428
2951	2041
328	1750
2352	969
2100	1946
736	542
5	1381
715	2066
1658	1243
1933	833
756	825
953	693
1461	1847
178	699
1797	2164
940	443
2444	2083
2211	847
889	1764
761	937
1417	2211
2535	2059
731	1864
1717	273
309	513
443	730
2589	2265
1147	231
1235	1711
286	511
872	438
665	478
1722	1246
1271	220
327	287
645	50
2589	868
2940	1186
35	688
2058	845
1142	2111
136	297
692	597
2958	2098
1719	2190
815	1208
193	1663
1159	2043
2058	781
2194	1471
1089	220
2113	1342
2677	1842
674	1946
743	2153
963	220
2290	469
2396	741
2662	21
892	1769
1712	1399
2490	903
2734	1435
1118	1997
1487	218
744	455
1551	336
877	945
2014	1351
2759	434
1543	2248
1294	410
3015	990
343	1132
1212	2151
2550	498
1764	1975
2140	548
183	38
1520	1392
1336	620
389	1603
1093	702
847	725
75	138
255	1721
2833	1087
674	1329
1538	1780
1357	912
357	721
61	312
2346	632
2285	1475
412	498
238	1867
110	1388
1713	197
342	1188
1659	1657
2477	845
2529	1562
2258	1921
2754	1766
201	1171
2352	1786
549	167
1405	838
625	1391
743	1047
2832	475
2959	2082
2570	2128
307	1572
1457	1690
1400	1248
2038	1721
2152	548
1481	300
2499	304
734	2034
1185	512
1774	2082
1059	805
1229	220
431	90
975	1799
1343	247
1863	325
2950	1980
2881	1232
2238	999
1354	1426
2231	40
165	1351
342	1222
395	374
2093	833
1617	1563
2258	1600
151	576
892	145
2030	1859
16	1909
1906	40
2435	1651
2463	395
2805	287
532	645
213	1867
1289	1977
2673	331
3009	1462
2962	2243
372	961
534	380
2785	1087
216	878
2061	1679
2859	2201
2285	870
1502	193
2127	410
2337	1787
2867	1546
286	1426
2665	548
608	780
245	689
1846	1996
3006	1495
2969	2203
1840	2173
829	1409
2889	46
2139	487
907	695
1488	1074
1657	2235
1593	898
636	986
2746	320
2576	1235
1448	941
91	1075
1665	1875
2770	65
2163	495
2170	220
1171	1949
1511	1842
782	1453
1951	1434
390	863
2476	1687
3013	2118
690	256
1698	838
2383	1770
1287	792
1135	677
1598	2024
691	47
202	567
1001	796
1424	1329
2291	823
1749	145
466	1385
2825	1867
2264	1380
1783	1273
2285	1524
587	102
145	1561
2397	1197
233	1674
309	312
2495	1770
1485	220
2260	491
117	2118
1717	1556
402	1019
1766	1197
2779	2084
2482	703
1810	893
79	1753
1937	492
2948	1681
397	1965
1860	171
1937	1265
2287	1029
372	2184
1828	1777
2836	1517
914	2057
1300	2074
1820	569
1353	1603
756	1768
1582	787
1126	459
2115	413
28	268
1116	1361
1725	196
784	1547
456	911
1147	2148
255	463
1820	1893
1873	531
91	1782
409	1451
2860	1425
2519	1296
898	741
658	879
2154	2076
2362	64
896	145
137	260
2559	1288
2976	1683
706	1461
2109	1088
432	1560
637	1351
1442	1607
31	1944
817	1489
2337	1738
2093	1296
2111	1562
1627	361
217	1487
1929	861
2860	1867
2994	495
2033	292
931	1969
2048	1449
446	848
2230	1195
1132	1825
542	434
1505	1613
2030	1300
2254	1515
1769	1059
614	5
40	2223
443	984
1573	1203
2894	1417
2206	2034
2853	1359
56	31
2048	200
2308	1102
2658	2081
1570	472
2027	289
519	1636
2320	1992
2706	846
2631	1873
1084	492
2292	1361
2530	1879
832	1352
1229	526
385	554
2513	40
136	9
1297	333
2315	739
2519	1605
2456	1836
1188	1234
2689	796
914	929
1239	117
265	439
157	2226
486	162
359	2065
1197	1029
2178	961
1229	913
1003	86
2443	1877
2727	1374
2707	1753
1301	1984
2959	1323
973	1995
986	1403
424	857
2358	920
2430	774
360	1491
2577	981
293	145
2593	145
2030	1313
1641	2244
1323	1967
608	322
1060	1428
1145	595
1843	1380
949	1381
567	2088
794	1563
1624	1387
1503	976
1246	741
937	1381
45	1172
853	294
1301	1563
1300	1386
391	1829
2510	1313
1967	1683
2839	719
199	845
1171	1934
2560	1553
236	1560
2916	900
2131	992
1189	536
2305	684
2610	921
905	1208
1682	2262
191	1510
2451	1692
2119	901
2114	1336
1815	1985
2503	566
1645	1744
95	1351
246	578
2067	1763
2736	1434
1239	810
1308	2130
404	233
1810	1103
531	1370
1361	1867
2939	1208
562	689
926	729
1369	774
2536	2245
1429	173
1350	1517
1531	1380
2837	266
205	1491
1594	993
474	420
1806	2144
425	1978
1156	2118
577	1701
2806	2259
723	1698
2490	1975
2864	990
1341	465
2763	344
2677	2163
2809	1925
1212	1760
2642	201
1414	1385
1773	1576
2117	1827
1803	1788
2456	1560
501	531
1856	2217
338	1046
473	901
1001	1487
2525	1091
2149	890
954	467
1637	517
1309	2127
1117	206
262	460
73	235
2502	1503
2975	397
2935	163
1995	1899
2127	370
781	517
560	111
1342	1875
872	678
2031	254
925	31
402	1580
1172	1343
2177	1714
1824	695
636	890
673	1154
1510	1679
549	1024
925	353
2941	1313
129	245
1286	1697
2143	459
2918	1738
1171	1095
2809	140
86	1381
450	2151
305	207
430	1040
2093	1852
933	1880
1992	598
2931	1111
1117	1385
2901	543
2014	1487
1918	1206
2746	1466
2069	2164
2204	1857
949	588
2342	1639
1115	2173
2036	153
1124	231
2070	1083
235	1604
1813	1439
1723	887
28	1510
409	2110
502	1155
96	1144
1054	1807
1712	289
2667	1986
1196	2242
926	535
351	2143
891	1679
513	1069
1355	1942
342	1853
2540	347
136	1288
2814	1609
977	434
2893	702
66	311
1400	877
844	680
1463	1447
2745	1554
2120	1613
2902	1603
2481	1201
2178	200
2483	2179
1233	1441
421	809
825	1444
1696	1976
244	105
610	1827
1356	1318
2743	1206
1116	709
960	1563
164	1113
43	1758
1494	1069
1203	1636
2666	87
25	577
1632	1867
996	1042
321	1560
891	505
1964	2028
1245	277
2135	1316
1337	204
2319	856
1776	268
575	458
931	910
2518	1071
73	620
1036	913
2830	324
1430	1426
977	361
1685	443
125	762
2607	1909
2896	492
922	135
1429	702
1156	609
1620	1893
2474	633
1721	522
2031	1297
2506	733
2798	1976
2360	1313
2287	109
1294	1974
102	289
1556	1724
347	320
850	677
1385	1958
2003	692
887	957
798	633
782	1435
1610	1782
1169	911
54	905
819	103
826	220
117	14
247	1698
1219	84
1437	1777
2396	1111
2873	69
2335	1730
2075	517
984	773
2909	2065
1351	1515
2621	386
2410	1296
2592	1512
486	2062
364	1321
2076	1570
1351	1563
943	741
2071	273
1337	1248
2383	344
2324	155
2683	149
1094	1807
1208	520
526	1331
2551	135
1941	239
1481	66
1288	2187
186	847
1337	2155
2243	1578
13	1695
1089	68
1735	1958
1997	928
2057	1299
1398	1350
164	1329
643	156
1914	2122
579	1641
1516	1867
388	1959
2292	953
2481	2132
2330	686
390	369
2086	289
941	1649
2734	578
2745	640
2030	1289
2444	1921
2430	710
1665	1160
28	161
109	1594
1286	1113
2574	890
949	1252
197	1441
648	1489
909	1043
1964	1563
2839	877
1493	499
1007	2217
2792	1911
2486	1607
607	545
2192	1641
2293	979
2603	458
413	1975
2330	325
256	976
1021	880
1863	1330
2526	1441
196	1248
2931	1857
239	1487
722	1975
508	65
372	70
2233	347
1159	2173
1011	400
1561	167
423	1686
1246	1358
1899	369
559	727
486	2065
707	68
2806	282
1967	171
298	1899
230	289
1740	664
812	2065
182	1363
2438	1842
2228	1567
13	100
1225	1329
2901	1641
2889	1067
1711	748
1112	1511
691	822
2591	1238
2689	1206
969	1106
1171	2000
189	952
627	1652
1008	1416
472	1248
2067	2150
744	1011
1121	522
2164	1306
1526	1644
445	1878
1615	487
562	954
1871	992
1366	472
1928	531
1017	567
128	1292
2395	374
256	1545
2918	1797
45	1248
1674	846
786	2057
2133	1613
674	2062
2736	829
1409	2142
2180	2098
451	356
157	2211
2001	2155
593	2091
1164	2145
1346	1209
2100	908
2082	898
1502	268
2825	39
2504	1658
2840	2110
1996	200
255	865
1670	809
741	633
2592	679
2189	735
1712	703
1214	898
2946	2232
2460	1004
1682	1827
2048	1776
2124	254
2721	1750
1956	1374
1208	933
2383	281
1417	221
64	868
1847	1155
1634	2130
1037	1445
1079	739
614	569
257	1753
488	578
282	1649
2446	224
473	91
2737	1162
2317	142
1193	705
1054	2200
233	1679
1503	1615
2507	1321
218	548
163	444
2806	65
331	1885
314	1154
526	378
524	459
658	215
2867	322
2513	1613
1991	1517
123	1782
2429	686
474	65
2472	1185
1460	1807
2608	1041
2152	2065
2158	439
2278	134
2873	2157
2298	1187
2362	550
1122	1083
1671	1409
562	2104
557	886
812	781
1121	838
2368	1449
1727	31
306	615
2364	1313
449	1673
2870	110
1816	41
75	2147
1996	2037
2956	1769
2357	1148
1094	1001
1087	1679
2595	2087
2093	2130
2868	1146
1559	886
1594	1613
1443	2219
2038	1744
1351	1867
2010	89
1353	1182
2269	500
676	459
1314	260
1325	149
767	1329
665	1998
297	645
2481	1087
2434	1369
49	645
2447	1560
327	1593
896	1867
2684	2087
837	1870
1975	1641
2824	1148
211	2008
1540	961
469	1111
2263	1867
609	351
665	2105
2569	1508
1708	1918
3005	1420
559	692
2655	865
1284	774
1817	2067
2553	1419
1414	1491
108	2221
1219	1233
481	2087
2905	163
2555	1735
2784	538
2665	1388
915	1827
1750	1762
2232	347
239	1867
2411	546
781	1721
1495	1941
1646	580
2444	345
2661	361
2200	1568
2591	2179
431	1777
985	1154
2881	2059
1690	612
1470	517
1529	1675
1681	877
2109	5
423	50
1222	741
1338	307
1305	383
608	868
2292	324
912	193
1353	575
2459	1388
2418	757
2244	1909
451	459
926	1357
128	231
1230	283
1391	498
324	961
177	1500
2459	2030
2264	1370
1736	1406
1011	324
4	1452
2384	1435
2540	437
351	1495
1869	1495
697	1919
1350	1053
678	992
119	69
406	254
767	1265
413	1615
925	1867
1211	608
2499	1974
1210	1777
236	904
75	2107
99	1515
2013	781
1112	185
2611	1547
1247	549
289	1867
879	2147
1121	148
2745	1649
2439	2160
2368	1655
2768	1867
2817	492
1705	1626
1097	102
1619	1776
1943	680
339	1122
1727	1526
306	1011
822	1681
1174	1867
2060	2048
712	886
2600	849
1956	802
786	658
625	853
694	365
1899	1957
984	1645
1908	1260
2392	2238
1382	487
301	838
838	1694
2463	40
2979	1562
1587	1832
1951	739
501	1517
399	516
896	2118
112	292
180	1616
516	786
432	1844
1203	784
1495	1908
435	2227
351	976
1159	1663
1677	220
2674	2117
2601	1648
704	1964
796	200
1430	297
342	186
18	1248
1083	2134
157	1780
2303	1919
2205	774
303	193
122	693
2165	632
1536	2087
2021	1382
2159	903
1360	643
2270	1111
737	1154
1520	201
2941	1758
1774	1937
2036	626
685	1986
119	999
2446	225
2384	1095
2018	1056
430	785
2354	781
997	518
1674	939
2615	1301
722	1440
2113	767
1944	2118
1480	1248
2442	1265
2305	318
2298	1893
301	2154
2890	2082
423	1701
833	1047
2871	845
1774	171
2940	469
694	694
718	645
987	434
2745	1352
1759	199
2087	1762
2616	1689
2760	1609
1914	1565
1021	495
1023	578
1704	1340
2039	2109
974	1087
1233	220
2665	904
2609	1380
2805	786
2165	1998
2696	1243
758	1577
2345	2125
298	1664
379	223
1779	201
1513	505
1209	1109
2273	2223
3006	658
2492	1508
692	1508
399	1840
957	1380
1195	1418
2615	542
1173	2051
492	1369
1758	1381
1075	228
2071	1203
723	321
248	451
1033	578
2547	1619
382	1938
628	193
367	1869
2778	953
889	1946
2868	1243
863	1867
2245	1599
4	1290
598	1178
965	1283
588	699
1155	147
931	275
1810	1622
1933	2125
2228	1110
803	841
2388	993
2855	200
1050	1093
2820	2091
2019	1473
2948	1782
171	609
1747	1288
2400	612
2684	1248
613	2118
13	1247
2412	702
827	1172
1416	981
21	193
2273	1835
1824	1496
2830	450
2663	1694
2843	778
2918	1300
1641	21
741	566
1749	215
985	1547
1214	715
307	200
1160	1179
1797	324
1518	401
2746	1574
986	703
2548	356
1357	697
1724	1742
2163	1748
1986	1627
849	774
741	34
976	487
123	703
1417	2056
812	1437
411	774
1048	1830
2871	1045
1376	1453
2298	1449
314	393
37	1793
201	1151
420	215
945	1830
2010	2064
2540	1853
872	487
460	68
1687	444
1954	628
2566	2062
1444	760
2830	242
1141	472
992	68
2532	1867
2161	1841
2456	841
1306	1888
2760	1317
1547	1867
1466	1680
1632	1387
39	1329
1711	1649
1413	297
872	174
2115	1921
195	1607
2978	1351
1169	1619
1918	1199
2575	2052
1680	1607
1234	837
376	607
743	823
2851	1517
1757	830
1932	2065
551	2065
1891	774
255	1150
2477	1015
821	1330
2054	884
2003	542
543	214
2765	680
2314	1248
1862	2223
2543	89
2446	73
2611	767
2490	1505
318	1591
2205	91
496	1758
562	1034
2131	1315
1378	1419
825	600
1343	952
1	193
1402	1297
2833	2128
421	1776
759	688
1846	835
2114	1165
1871	239
365	1807
236	200
1154	954
2014	1989
2290	459
1533	493
2065	1046
17	664
2021	885
869	1599
2243	1870
259	1905
2798	1384
1188	1874
58	1441
2050	1368
1609	1150
1654	1679
735	1613
2054	1266
2599	1133
2393	250
2189	5
940	420
2273	832
1287	1684
2825	1264
269	612
2165	809
2298	829
2603	1083
2519	61
2515	2173
2894	352
1417	2151
200	733
1192	1548
1256	990
662	1926
2161	2093
2916	741
1645	693
683	1605
632	505
373	443
652	206
2237	1471
614	26
347	2183
1558	595
1525	1647
1371	1607
2432	434
1002	775
2075	1422
2763	696
39	1837
1965	1904
2963	1775
1176	370
1075	180
359	2021
2133	2098
1806	1951
1870	904
54	1471
1209	752
1702	1437
1855	459
321	615
2014	2250
1858	166
2090	1609
540	166
211	1694
1204	1397
538	1490
2243	688
432	379
2285	1214
668	1553
56	1111
1736	985
507	649
1369	1543
2763	375
137	1867
462	788
2863	2184
708	2057
119	1146
1145	1021
464	681
2780	1753
1230	1387
2752	32
2734	773
62	487
1098	1351
2444	1776
2397	1161
2184	1216
1665	613
2892	482
2495	1776
2525	1982
1402	1607
2004	1529
2685	774
2771	1206
2925	1918
2308	1885
1207	879
123	1368
2165	467
2480	1243
2433	809
84	668
413	1314
789	1039
2781	1790
1668	733
786	1154
630	2161
1991	374
2232	1388
1721	1171
746	1116
690	1295
1828	1163
1449	412
3006	1895
1083	1834
1439	1096
1659	578
1470	1011
1698	439
1818	1426
2234	1867
237	1515
104	499
364	890
545	695
2433	1266
544	753
891	1113
1233	1350
1400	2084
197	1111
2495	239
456	1279
1529	1188
171	1694
2152	2164
1160	2159
1493	553
2672	448
202	2065
1615	1655
2000	550
2688	1759
1866	1435
2776	1580
648	434
2774	1896
467	105
588	1245
2474	1768
1521	166
708	1679
2782	2142
1602	455
2270	800
840	458
1585	1425
1824	1157
645	1299
1499	1776
1831	1096
1187	2088
1682	478
2567	85
544	1553
197	1670
460	458
1353	1613
2159	962
1496	450
1907	886
1109	1312
1209	505
2148	1867
1425	215
2212	1679
1537	1050
2516	1420
1448	2163
869	1721
1109	1959
280	1043
2056	1429
2863	1603
2748	2223
58	1531
4	1922
2852	2087
2680	1412
1521	1714
243	1619
343	438
913	789
1902	1111
3020	879
395	2223
1183	1188
324	1681
1279	2169
1579	1381
365	1603
1569	804
872	376
1937	698
133	830
1555	2181
582	621
2053	13
290	1187
790	1593
1341	1012
1457	900
1605	76
1356	1919
1481	702
2917	14
735	1827
772	1019
1228	1649
2741	1840
1757	1179
2615	277
1616	250
39	459
1353	599
1294	1636
16	208
2870	1867
1784	2206
1645	817
2576	1836
2892	633
1778	1152
999	2057
2515	1008
2071	2155
1501	197
2355	1956
2230	1867
2227	356
993	773
1088	1743
2601	726
1229	733
128	68
2397	2162
1304	1929
740	1043
2727	1197
2015	776
2577	1742
2210	1677
2832	1220
2608	1037
56	30
1293	760
1502	1986
2472	1541
2831	397
133	733
914	1551
1638	1409
1304	112
373	658
2489	495
2767	1347
2233	1968
2342	1165
93	1503
676	1435
1093	231
239	1873
1698	911
107	952
136	1589
662	393
2048	890
407	2049
1256	2199
2886	1649
1938	55
254	304
130	1351
2987	2230
3001	373
1797	1758
16	1857
1123	908
759	1512
676	797
1712	1712
918	901
15	699
781	197
741	1884
2955	159
2691	1200
766	1182
2122	1833
564	1447
385	331
100	2230
212	1608
1557	1387
663	105
625	603
898	1496
1624	1857
1612	1105
2459	1744
1597	174
759	19
1538	1234
628	1252
782	838
2243	401
984	781
2069	538
2135	1160
2016	1266
2058	1909
1678	268
197	1056
1271	1603
561	760
630	2171
1651	567
1095	1607
417	1047
2744	1867
2618	1641
33	224
1028	1919
1892	1116
1518	2211
2727	198
2950	1089
1689	913
2232	587
812	1441
959	554
2955	2139
2838	1526
343	193
1098	59
566	1113
889	1567
2122	884
1138	915
503	2057
1601	1871
1774	483
1044	343
2931	145
2448	886
2128	1625
282	1867
744	89
2056	1553
2411	1852
989	543
861	226
89	2056
2475	478
1076	495
481	1197
2938	68
2966	998
2736	293
183	398
2806	2174
540	387
643	739
2646	1158
2753	1608
953	361
198	1641
2460	835
2460	1713
1448	254
140	475
1974	790
2785	1146
1741	1923
290	672
2113	5
1703	673
1550	1428
673	823
2699	486
33	186
974	2076
1582	758
1584	1436
1520	1154
1146	290
681	495
136	1419
2756	1122
435	1367
2734	660
2898	2063
1947	579
2300	1503
1652	2230
2471	2157
1855	2141
372	952
316	268
1540	1690
2646	555
3009	1551
2218	105
80	219
1701	1992
1683	1721
2293	298
1172	1276
2938	424
1187	1496
1974	1857
172	729
1353	2080
1055	1406
1618	498
2900	487
1036	535
503	351
258	2068
490	535
2603	395
2686	753
2742	1998
1329	40
32	1111
2544	397
1654	1711
2419	1693
1814	1293
990	864
2412	556
193	2095
2435	1294
2165	1992
2164	2173
2002	2106
1438	1674
2864	471
1122	1721
561	1829
2333	1512
1537	1340
1520	1603
1155	1687
229	1300
2444	1655
278	1840
868	729
450	535
2273	1065
2680	2224
1307	1007
2774	693
756	492
130	1927
2769	680
556	1867
1613	854
2191	1024
1975	268
2601	2151
1778	752
2691	1188
925	280
2553	862
2675	1560
2060	2243
1464	337
871	557
2474	1629
613	36
2135	1905
2457	2049
1802	957
2451	1188
1380	374
2952	1841
206	741
1560	321
837	1779
1724	845
2876	1840
483	752
2614	1873
1380	158
2665	2264
832	1999
1684	401
862	1573
1859	1810
1646	1837
1405	619
1001	2180
650	1556
1139	1976
2684	753
2264	1248
2616	215
864	454
782	1208
640	2062
15	374
1789	1268
2492	1240
2198	1655
1044	1549
2666	2013
349	774
1000	2023
2705	1313
2204	1617
2851	645
2683	976
1449	676
2795	1296
1044	166
1464	1313
256	2006
2540	1517
1096	1857
1402	253
1966	386
2395	1380
2483	1877
2031	647
1893	551
1171	1715
638	1517
2683	1343
16	189
626	1813
506	1874
2805	1563
609	105
2023	1182
1126	1837
1051	1598
285	576
173	1721
2209	1563
2446	1975
676	443
1538	492
1752	2118
2226	1867
23	1133
1680	1613
2864	739
629	167
503	288
2535	395
442	1591
643	2052
2343	999
1521	753
1188	227
237	548
2010	2117
1310	1431
1458	1351
2174	1684
1294	886
505	2264
122	2065
430	377
783	1600
1843	175
69	2148
1720	254
1063	1387
2656	487
658	1891
2976	351
795	87
2611	454
1512	1150
2944	1384
1695	2236
807	1252
1961	1392
1499	482
1587	495
975	1986
2603	111
1997	329
2782	1600
2248	2206
949	999
2503	2201
2049	1189
1810	171
678	1441
2569	488
1307	1600
1533	129
292	646
338	390
591	255
2093	1274
2626	487
2182	526
2846	514
2600	380
863	1252
734	848
1779	913
218	2175
308	299
468	1449
2280	2057
2342	622
436	1330
797	1734
1407	2238
1560	1827
1862	130
2146	385
2617	237
942	254
1586	1426
2396	531
100	472
1789	460
735	517
720	1761
2948	1909
2959	1414
2868	506
1095	868
2182	1998
363	1877
1803	112
2781	1248
2967	1294
412	934
2255	1999
1741	1077
2700	1199
1762	1095
1054	1550
756	1296
803	1248
970	990
2569	1155
1307	1962
2548	2158
125	1867
23	545
1602	727
1774	715
1027	1912
2782	1441
2432	296
2210	1553
882	855
316	620
528	353
2673	1406
2956	1589
2395	1714
1939	1297
2933	1384
2805	647
602	231
648	540
2886	287
707	1098
2143	1218
2880	1408
372	499
2460	443
218	65
1232	1248
180	970
2846	1547
2895	487
2635	828
557	1146
911	1517
354	1065
2900	1208
342	2092
2065	1906
2380	1782
1249	2130
1350	517
372	677
693	1870
1060	2121
1083	103
2285	1735
2675	1475
1709	711
2159	595
87	806
2996	1437
2286	1721
2004	1757
1033	13
2805	765
444	2003
2903	1255
457	1919
1015	878
22	1836
1902	1762
737	1248
2578	17
955	774
2058	847
827	1385
819	2130
2671	31
2706	1759
279	1867
535	633
2354	1753
1937	919
2113	1008
342	976
2553	1513
2395	2110
1011	1243
2264	131
476	702
183	2179
289	1778
2443	89
652	1080
1894	1143
2278	1867
2393	5
243	1649
516	347
2223	434
2574	301
709	1313
1705	174
1203	131
2256	689
954	595
2467	1411
1079	458
1391	33
1369	2181
2744	1449
1443	1798
51	1574
692	276
1006	838
2513	2130
2362	1410
900	588
2053	2021
475	847
2035	397
969	1710
2397	256
2444	383
2846	1365
745	1892
74	325
329	2232
2380	1503
516	1155
2377	687
1443	961
1216	489
2653	336
2619	1512
2216	1491
124	1186
1502	934
200	1862
94	1998
2166	312
2441	198
3002	1770
413	816
332	2006
2724	598
1233	103
1091	1721
2196	1713
2531	2164
839	1155
827	1449
85	1840
2030	890
2143	706
1156	1322
1436	1330
963	1679
2569	735
2366	2057
2395	784
2949	703
2860	2087
582	386
2853	2130
2577	719
445	1813
505	1154
1899	2137
1618	895
24	159
2512	511
1266	2129
2916	868
2481	979
1123	167
1959	578
2542	1053
984	1029
1966	1185
2525	1672
2053	1116
5	1361
1550	858
2087	703
2198	520
1393	1706
56	1076
310	729
2896	1840
2244	135
2282	444
2422	612
797	975
1477	557
2574	943
1701	70
406	2182
2889	2141
2820	1599
259	1027
1886	1359
2781	479
2717	1457
2818	472
1076	1842
75	17
240	1758
1665	963
2691	145
1883	50
1486	1004
1674	1595
1936	1471
837	689
2833	214
1229	752
949	453
1255	688
803	1679
2456	1313
1179	210
1902	1426
1156	1096
129	2065
1246	904
258	725
1153	1479
1545	569
877	164
1702	1711
406	1614
2008	1758
2533	347
1725	213
1439	2051
1260	1657
761	472
820	1993
1325	2098
89	1615
513	289
975	2049
473	306
1417	2130
525	690
995	531
528	326
2057	1875
1675	2089
2345	1538
1187	502
631	895
482	2103
2944	1659
2842	807
568	878
1654	1475
1240	543
2798	1692
2939	1899
1617	1290
1762	165
2271	677
2404	805
636	1834
2594	1580
2810	531
1536	1510
1138	1165
1097	5
141	2128
2595	949
465	213
542	2034
2998	2147
2635	144
216	1192
1188	739
2616	2101
2133	1313
1757	1359
4	175
551	2038
2618	2190
1357	186
21	131
1582	2143
289	1083
2348	1914
1077	1505
803	1208
1283	1268
823	1416
582	805
1702	695
492	214
1180	1068
648	2045
1376	1434
2217	1926
1954	145
2293	443
1921	1003
158	1867
1595	1317
1049	1547
2113	1932
2039	401
1083	1420
432	949
2753	1394
2535	660
2093	1986
240	1750
808	1658
2883	28
889	1297
765	911
511	638
225	521
237	1454
3014	1615
1954	767
936	2065
1302	1400
407	604
1835	105
4	1465
2873	970
2795	1867
2876	1435
2328	1218
1210	2121
2519	1760
1949	1203
2446	1441
2069	1459
542	1867
157	523
2859	1146
1029	470
2648	163
365	959
1408	361
30	2130
1147	522
1803	850
1387	2087
1997	1615
2467	1029
658	1197
479	141
2838	82
1440	1807
2688	2033
204	325
3006	1041
1287	2081
658	1553
1824	2250
1017	1431
1380	855
630	1179
1713	401
1996	1489
1487	789
2032	347
1067	1758
2574	2062
2675	90
1360	619
2816	2164
2459	1598
901	729
469	356
693	347
756	890
1698	1410
197	1553
1790	2199
1689	124
2205	1045
314	1284
1122	347
1847	1636
2824	774
2641	806
1974	960
1533	1412
1743	1110
94	357
193	2152
480	1228
505	1559
2827	774
2666	2107
91	193
1423	495
1764	1969
2771	688
2302	2065
2686	2064
1719	446
2499	739
2429	112
2806	1248
735	780
1671	548
663	1841
1684	365
136	1721
1758	1380
1607	781
2844	2125
524	996
2470	994
628	743
285	2190
1307	460
2805	105
2085	981
2635	1266
2157	374
2896	459
258	2105
292	207
2979	2117
2991	2151
1652	374
329	517
1567	578
2814	1508
2194	1769
1363	1621
991	1509
2958	1967
164	492
338	961
31	961
728	1264
1388	842
329	495
171	1647
1758	1942
2820	467
2317	193
1097	2069
2822	2010
2725	703
1258	944
1137	912
2887	952
1047	1563
324	1035
365	774
1958	1744
43	1776
2643	1485
76	1607
259	688
319	2210
2504	719
41	96
1364	903
2057	688
2173	785
1067	2065
2017	856
2223	1425
1543	1835
769	401
480	867
795	1078
2630	753
718	495
1548	1547
2555	2021
1740	2263
1259	898
2127	848
676	845
2041	1613
1482	1074
1592	2142
2825	1906
521	1155
1013	1515
1509	741
1154	1893
285	1607
1272	1511
1543	166
2941	1776
1627	254
328	351
1538	536
1018	1840
1689	876
2646	350
1538	2173
616	982
823	476
247	672
1338	1489
1331	254
1665	2216
2628	819
1683	5
526	2105
1898	446
2079	1449
2665	766
2896	779
1450	65
1537	1776
2563	531
1216	795
684	1926
2475	2264
627	930
2792	1369
1420	1607
608	1155
2404	499
2282	1841
247	1262
628	1721
984	2118
445	254
2661	2035
1288	21
2543	1300
825	2165
1892	492
95	1453
1065	906
340	1153
2889	669
1862	717
1765	492
2549	1037
1008	81
1820	347
1691	987
1374	439
2705	441
890	917
900	1598
2173	1769
435	351
450	1857
2998	660
1886	371
1300	1842
1027	1686
1943	1744
1966	522
1987	1579
2086	1748
636	459
2025	2064
985	1519
2518	1835
2210	753
2050	3
3006	1641
172	2173
1742	1867
523	1116
2203	166
2634	220
1486	867
1641	1381
587	2218
1792	1603
805	1285
1968	1840
1094	15
1208	681
435	2057
771	1459
2763	1341
2168	1189
1878	2205
2317	159
1214	1116
2525	1295
372	1994
2111	2250
1443	1425
2393	1188
2770	323
1653	364
2121	1701
1449	268
1933	1154
2115	826
2185	31
1259	84
973	2013
101	784
2319	1991
64	2049
2228	2130
170	1744
1511	1505
1809	2168
164	472
974	268
1237	1345
1886	2244
2238	530
2788	610
1525	11
200	1074
41	195
1116	325
889	1711
1511	1823
458	1194
1862	139
211	1837
1869	68
2187	297
1333	1380
2723	1038
86	548
1461	2057
1832	1109
1173	1614
437	822
822	1869
1904	157
1954	804
1518	741
2861	1301
1305	1949
2410	764
1746	1998
2144	840
1334	952
1464	805
204	1555
2030	719
1496	1753
1519	472
252	517
1264	1111
2186	207
785	1015
2932	501
923	1987
913	2145
1923	1255
1358	1636
2058	2206
863	211
35	2191
2001	2206
1481	314
2781	498
2152	1264
1250	752
1824	38
1289	1206
1871	1840
1291	1593
2868	850
1665	434
131	2098
2218	1977
1032	2245
909	1832
202	719
2681	985
2070	460
441	939
2308	838
2100	1475
768	774
1675	1909
1727	542
1308	2240
1179	1110
678	980
1271	1684
323	1880
2063	472
79	958
1160	1123
2387	1620
1091	1928
1387	220
458	1559
2626	702
532	548
242	1480
2704	409
923	277
1302	774
2812	938
1424	1841
2733	1083
287	1867
228	113
1106	450
727	728
1334	536
1877	1955
2977	796
2080	46
1529	1562
1697	1888
662	1110
318	1950
1345	1570
2646	1045
1513	688
259	1721
2444	1841
193	440
2512	1711
1088	220
1138	1489
695	1875
2540	1598
545	752
2646	1313
2243	1842
2082	65
2931	146
2748	1855
3007	480
2315	21
2855	1496
950	796
2592	2214
837	2120
2885	487
2609	1998
2023	109
1027	1840
1903	458
2400	1492
2312	992
1522	540
2860	211
2185	950
491	193
2495	689
1425	1637
766	1111
1188	434
246	1126
1611	1313
157	441
1165	1296
2933	1857
1954	450
1240	342
2476	1170
1083	1491
1974	653
1955	921
517	1351
792	1330
2933	150
468	1221
2833	2065
2001	1496
1429	2065
2918	293
21	1840
1802	1143
2798	2211
872	1099
1319	38
344	1859
451	142
1352	1971
1649	516
1813	155
324	1961
1379	900
1237	1834
1357	801
193	1828
795	1933
882	231
2977	1355
1091	1487
515	437
2117	1083
1100	1621
2339	1296
819	993
1816	1065
995	1493
2639	1201
468	598
2471	568
1226	1188
2446	2259
1582	908
547	1517
1861	1607
2324	1934
2680	522
1910	1408
2829	68
1641	1867
1137	1857
2443	517
818	2081
2574	1758
2737	2118
2358	1857
2859	2151
803	2081
1433	2137
2457	908
673	1428
545	597
2856	228
2830	1546
1546	1576
785	1441
79	957
435	1435
1055	850
795	1776
2954	774
2115	1084
1632	1935
452	1320
1039	1630
720	555
610	1489
2922	752
2469	1438
1272	220
2744	2098
1038	828
2509	972
519	1578
402	612
3006	598
1417	1807
2679	2207
803	1737
2861	548
2638	1730
1662	838
755	498
812	1698
2967	571
2173	1434
1839	643
1366	615
1546	337
56	371
785	574
648	579
872	1658
1894	696
2321	2082
2613	2130
2589	2103
2322	1491
2653	1084
1410	1750
2805	890
89	320
362	1670
2203	1762
2131	1765
2262	986
2866	868
1652	482
2979	371
1867	1018
2476	474
28	727
1833	1382
2727	1243
2010	172
1448	1445
459	273
2780	787
1481	1943
2273	693
2780	10
1786	1019
2258	1456
124	753
1845	1591
2013	1252
2443	929
2271	1458
2824	1053
1054	98
2643	767
360	1146
2093	2181
2513	1615
55	421
1573	1526
1476	1925
1143	2252
1960	273
2917	2146
75	1867
2914	89
723	1753
2507	401
2308	781
1028	1813
1413	2230
1824	450
2563	2038
1598	1777
372	122
1376	1444
2324	982
2354	292
889	1888
2300	153
2740	1074
2864	210
513	868
2232	1527
2599	1899
2517	1339
2577	1562
921	467
1189	165
2037	2041
692	1557
545	548
2048	897
1408	1351
630	61
1449	117
2564	1655
488	221
701	650
22	1425
2209	1711
2618	220
495	2084
671	210
2976	595
776	1243
1366	1606
926	645
1653	622
1708	220
2221	910
2186	1027
1814	1208
668	719
193	285
634	2199
550	2126
165	787
1013	1179
2249	1266
2506	535
2340	653
279	434
1674	970
2837	125
357	1154
535	2214
701	1770
1116	1092
665	48
676	703
2871	1650
2239	1008
1038	1189
1279	828
2686	1420
914	2073
285	1704
342	1008
2324	1669
2021	108
1708	1029
1376	429
1122	320
928	2151
120	719
451	103
891	1998
258	1749
1262	793
2637	1934
87	264
868	1300
474	1206
2491	1517
2411	505
1287	1671
2085	1509
2180	1266
957	1242
889	2145
986	1272
1361	467
1780	1657
265	398
776	2126
2433	838
1095	1275
1720	361
1974	5
1307	626
1001	1636
671	620
2274	24
2205	971
1987	567
1438	207
1713	424
1486	1563
718	1607
1367	1857
2957	784
1135	1723
2631	774
211	241
347	1053
430	68
1383	617
2384	324
2482	2087
1804	247
706	1869
2861	845
64	1969
2202	1776
2918	1938
1091	1146
2606	900
440	1380
2071	809
108	250
1704	1256
626	1909
2069	802
1602	1829
242	186
439	1449
2591	2238
2282	1750
435	1727
3018	939
314	582
711	1509
2146	961
596	1492
2615	893
1285	1357
635	1426
528	862
409	156
2594	514
1097	1083
2364	1517
315	1874
51	936
2063	900
1122	2026
963	1355
2561	1489
2624	619
798	2057
1026	1867
114	135
1569	57
2003	50
2916	817
2093	2143
560	679
1956	1208
1880	135
674	145
1598	670
2517	22
1797	908
1512	922
719	2166
1773	1360
488	2017
2988	541
2817	1449
2881	989
2743	325
1886	374
1399	1083
2756	1334
1204	2142
545	2159
2742	1083
2654	2082
2784	2119
266	2139
1166	1847
2508	99
1996	1607
715	1434
158	1296
2977	729
1600	774
1899	2190
1307	1045
2886	1596
205	1562
1502	725
2001	986
2775	1904
1214	569
69	1449
2441	1348
4	397
1417	65
40	1437
717	1840
1133	531
1692	781
1665	423
765	1877
2784	1205
804	483
2209	1250
557	1666
2071	478
755	753
760	1679
25	482
199	1437
1271	2087
13	1751
2681	1146
231	774
3022	1875
1380	2142
1658	1960
2949	2199
342	1641
1617	455
418	1330
513	1637
783	255
2756	1265
1974	1492
556	1505
543	1807
2831	1075
2496	1822
1143	2159
413	1266
1044	534
687	346
1987	2130
1197	739
2958	1175
1714	2110
2921	1281
1671	2081
987	1608
723	351
544	2063
320	1620
218	986
2032	1807
111	1777
247	1388
89	1867
52	1766
1871	912
1233	877
2210	1840
2989	1410
627	2181
2412	1374
2519	850
1876	141
1044	1530
2606	1035
2817	677
1503	1813
1061	420
2273	1296
1731	773
1246	2232
1127	38
1602	1111
1538	931
2467	877
2273	443
1155	1978
1871	1286
789	1950
1206	1171
3009	1080
140	2157
2754	1857
2260	2126
1743	578
1182	1394
586	827
2727	815
531	145
1266	689
639	751
2026	1515
997	2142
1505	976
844	1456
2444	1829
827	812
445	1198
1036	245
972	828
1090	1811
200	1580
2871	2166
1111	2066
1337	1330
2650	2199
926	1155
2012	1777
2515	317
352	542
1768	1953
2831	816
1470	1409
1047	949
2519	38
2916	213
2784	2151
1477	555
2189	102
1471	1038
402	1744
140	619
714	1777
2448	1822
2987	1924
2113	232
2202	1668
2371	1087
2168	808
1513	1149
1387	1191
844	1447
250	1243
1380	1470
1543	1425
1149	2087
1870	1369
1297	1534
313	1078
405	68
1856	1944
1856	1829
2958	2143
2958	68
1357	1532
538	1607
5	1832
2992	370
1720	598
1042	459
1380	1374
859	2142
2444	985
2932	1714
1414	439
2555	2051
1346	1776
1616	486
40	688
2364	2027
2689	1384
2153	1083
313	1679
2846	1496
2165	458
2433	2130
996	474
1417	68
1758	1119
973	610
2638	1297
572	1977
2051	896
2411	143
1764	974
3001	1512
2833	1035
2809	1252
1965	1113
756	1559
2526	458
2529	1867
2396	2051
2137	300
2127	450
2244	620
965	1394
2345	380
238	105
2012	2034
2958	396
2475	2
527	4
2076	4
454	5
1965	5
2245	8
1224	10
1844	11
1237	12
75	13
2471	15
685	16
1443	17
431	18
1961	19
2990	20
2300	20
1992	21
2574	24
785	25
1974	25
1048	26
1722	216
1345	28
2168	29
3006	31
2000	35
2174	36
346	38
611	39
126	39
1160	40
2474	41
1147	41
262	42
591	43
2204	44
2846	47
860	48
1249	49
1567	51
2195	51
681	52
2067	777
586	759
1778	54
2456	56
1836	762
1798	59
102	59
1802	60
2832	60
372	62
2578	62
1841	63
1123	66
1511	67
1938	67
1609	68
1847	161
2295	161
743	1570
236	70
2448	71
372	71
2178	72
2688	74
2121	79
421	80
1020	81
1206	82
65	573
2603	573
1246	87
164	88
29	589
2152	93
1774	94
161	94
385	95
2566	98
2850	99
2115	99
1939	101
671	102
1	105
1572	105
2159	106
2060	107
2474	107
1855	109
1538	110
2290	112
1940	114
909	114
1616	115
1540	116
1121	118
494	119
2726	119
137	123
556	124
2307	124
951	125
301	126
2958	127
2743	128
2459	776
2189	131
1094	131
598	133
551	134
748	136
837	136
789	137
129	137
1579	140
1719	140
2033	142
969	780
445	146
958	147
2055	147
2733	964
529	151
789	1922
1936	1550
1481	1550
1476	154
324	154
674	155
263	155
2447	156
2345	156
460	157
1464	157
2061	788
801	789
2467	160
2214	160
2051	77
2073	165
2687	165
2712	166
2654	167
186	950
2777	169
2117	170
1349	170
874	171
1969	1565
2567	348
2582	174
2201	174
2864	1928
767	1928
898	176
2212	178
557	179
1019	181
1609	181
1832	182
364	182
372	932
715	185
372	185
1665	186
2795	187
552	188
1870	189
1610	191
2838	192
890	193
372	194
727	197
1258	197
1222	199
885	1580
418	202
2608	203
422	205
323	207
2910	207
1300	208
312	209
2456	210
1609	211
2646	211
2368	214
806	215
561	354
2060	217
505	217
2101	219
863	221
2262	221
560	222
1705	222
722	223
1985	224
1955	224
284	227
621	229
1149	230
2892	230
2290	231
1100	233
2976	233
1309	234
125	236
58	236
1883	239
180	1336
2383	1336
1201	1932
1098	244
630	1936
396	246
1567	246
2653	248
1298	248
2666	249
2589	250
2944	250
421	251
1062	252
2631	253
1869	254
1204	254
681	255
375	255
1320	256
2278	256
1941	257
730	257
2362	423
795	425
933	264
2984	265
1141	266
1185	266
1518	267
773	269
2789	630
2492	630
1934	272
741	272
1825	58
1851	1142
1772	276
242	277
174	278
637	279
1339	279
2612	280
720	283
1382	284
1549	285
1537	285
1663	286
2745	287
2577	289
259	290
2898	291
2349	292
1179	292
1147	293
2075	293
2108	1781
872	1781
2518	297
1625	298
1547	300
1054	300
2950	301
1138	302
1697	305
2698	1818
1616	308
50	311
211	311
374	312
84	1542
1604	1542
269	313
89	314
879	314
2238	315
2627	316
2931	323
301	324
1711	325
1054	325
203	1404
497	327
402	328
1536	328
2202	556
1049	53
2976	53
218	329
2472	329
1511	331
2721	332
245	333
278	335
1156	336
2563	338
528	339
53	340
1948	340
692	341
1157	341
917	342
2448	1339
931	1339
1126	2120
782	352
1954	353
236	355
2233	357
1839	358
2394	359
1708	359
616	360
2053	361
490	362
2254	363
1545	364
2	365
180	366
760	366
909	367
65	368
896	369
1602	370
2881	372
1996	372
1801	373
1761	374
2863	374
2177	376
2444	379
837	1169
396	381
859	384
1907	385
201	388
1518	388
2584	389
2718	390
2903	1916
760	391
827	392
2837	393
1785	394
2164	397
2065	397
2319	399
722	399
950	402
904	403
136	404
1132	1619
2395	406
2032	406
808	407
2730	408
2413	409
2595	411
442	411
2165	412
2977	413
2527	953
199	414
54	414
983	2001
1585	415
1066	416
193	417
165	418
1998	418
39	419
258	419
3005	422
488	259
16	259
1429	426
78	426
2031	427
2459	428
2010	429
47	430
2475	432
1551	433
2383	434
1669	435
2769	436
1039	438
1269	439
2915	441
1723	442
2126	444
2241	445
2573	446
2294	447
1932	448
320	449
2763	449
2065	450
103	453
1279	454
352	455
263	462
343	457
240	458
808	458
1919	459
1486	460
2721	461
1182	461
1830	456
2121	456
648	464
1060	467
2721	468
2324	469
481	470
1302	471
64	471
687	473
897	476
406	477
822	478
2804	480
2481	481
1060	481
2444	483
325	584
1681	587
1083	487
98	594
2614	489
2076	1639
2499	1176
21	492
1764	494
1337	496
2887	497
1953	498
1493	500
1469	501
2665	502
2076	503
1557	504
1537	505
421	506
938	507
1067	510
2736	511
329	819
914	512
873	516
1390	517
1708	517
2967	520
2049	520
2782	521
1089	522
1050	523
1141	524
2944	526
2395	527
2069	527
559	528
1675	529
922	530
56	531
2924	532
709	532
1525	533
2658	534
473	536
2453	537
1360	538
2544	539
2456	540
2830	541
2067	543
803	544
291	544
602	547
2043	548
1758	550
2825	550
1214	1645
925	552
1658	553
2298	554
2293	554
1421	558
2070	559
2912	559
1288	1646
73	1646
551	562
1431	563
955	564
257	564
2212	565
1422	565
2950	567
517	567
692	568
1956	569
2373	570
1814	571
1159	572
2675	1650
502	574
2264	575
2384	576
196	580
2080	582
1376	583
2867	583
983	484
2949	485
1896	485
2599	588
2395	89
1949	486
557	592
46	592
626	593
2174	488
1757	595
1976	595
171	597
2292	601
845	601
1048	604
756	608
974	610
1387	611
1357	611
58	613
2018	614
2574	615
2159	616
2359	616
123	617
2603	618
3006	621
2397	621
1681	622
1605	623
1206	624
2933	624
379	625
137	627
2781	628
535	629
1450	1773
767	631
2948	1976
1986	634
2434	634
2017	635
1760	636
2715	636
2637	637
2086	1979
142	639
2574	641
723	642
268	642
2103	1981
1996	644
2270	645
613	647
2232	647
1742	648
2284	651
1338	651
706	652
1234	652
2192	653
1713	654
2383	654
1968	655
1493	656
544	657
1177	1983
1044	1984
636	660
1380	660
1871	661
2395	663
1970	665
1086	666
2512	667
2050	668
837	668
647	670
2324	671
2308	672
658	673
2916	674
2098	675
1276	675
2210	677
130	678
2760	680
1467	682
2675	683
2513	683
923	684
2658	685
2483	685
701	689
2051	689
178	691
2042	693
900	2032
192	695
1069	699
494	699
1219	700
1237	1119
2569	704
929	704
1709	705
2167	705
987	2060
3006	2066
2277	2261
1915	710
352	712
2149	712
1503	713
2046	714
1011	2171
607	2171
647	715
379	717
2544	718
838	719
2671	720
258	721
549	722
1188	723
303	709
2941	728
94	730
2516	730
1402	731
1754	731
2191	732
1953	733
2157	733
693	734
577	2250
2886	739
1042	739
2242	2254
2074	2254
1528	741
626	2257
1091	743
1901	745
202	746
535	747
2832	864
1033	750
2048	751
1670	751
1899	755
2639	755
2767	1247
1669	757
2115	758
1939	247
685	761
492	1221
362	1250
2289	765
797	766
1825	767
2070	769
445	770
2448	771
1727	772
31	772
2300	773
2780	774
1119	775
809	781
1942	782
2512	241
218	784
838	786
278	787
996	787
2650	790
211	791
373	794
1962	796
1355	798
2880	799
1764	799
1411	800
1143	736
254	861
1145	804
632	809
1033	809
2419	810
2264	811
1899	144
2574	813
1855	814
248	815
1955	816
1954	816
1203	818
790	148
1620	820
1235	821
2054	822
1249	823
1896	824
211	825
890	150
1182	827
2100	830
2600	830
580	831
96	833
1460	834
507	835
2446	836
182	837
1652	838
236	839
1013	840
2515	841
2555	843
707	844
808	846
694	848
1090	849
2082	849
432	850
1757	852
264	852
2900	853
2835	855
422	855
246	856
1758	857
1040	857
762	859
497	860
1900	860
409	37
1211	862
726	862
971	749
1048	870
2436	871
182	872
1511	874
1026	875
807	876
246	877
247	878
1684	880
1342	881
744	882
969	883
1715	884
799	885
2797	886
347	888
737	889
1996	890
611	891
1661	893
1029	894
1557	894
1367	895
2001	896
1366	897
2873	899
1418	899
2676	901
2980	902
2760	514
1665	514
771	907
2745	908
2264	911
1687	913
2692	913
636	159
985	916
1083	919
2764	920
204	921
2785	922
770	922
1244	924
1305	924
2495	925
770	926
73	926
180	927
1087	928
269	162
2984	1708
84	931
1069	934
181	1085
2544	938
1982	938
2644	1475
2435	940
2301	1098
1007	946
2228	947
75	948
1048	949
1557	1284
2903	951
85	952
28	1148
365	1148
1574	954
254	954
1095	1160
2676	1162
1896	959
1716	959
760	960
803	962
2456	963
2233	963
1936	764
1705	965
963	965
2093	1680
2515	966
2197	966
2574	967
1847	968
1867	969
800	972
442	973
2595	975
358	976
2252	977
513	978
1957	979
43	980
1337	982
1878	983
2110	984
1713	985
1446	985
141	988
2194	990
1426	991
1810	992
2194	996
1460	997
2795	998
2608	1000
1784	1001
2362	1003
1361	1004
413	1004
2531	1005
2183	1006
1034	1007
354	1012
1996	1013
1116	1717
2069	1016
245	1016
2598	1017
1133	1018
407	1018
2852	1022
1758	1023
28	1024
795	1025
2393	1026
85	1028
1954	1029
2178	1030
2592	1031
2760	1032
462	1033
1021	1034
1986	1035
1291	1035
276	1036
1269	1037
3005	1037
1391	2036
2929	1041
806	1041
2200	1044
2189	1045
2774	1048
2940	1048
180	2038
1144	2038
1157	1051
1071	1052
344	1054
2417	1055
2293	1057
481	1058
1866	1058
1345	1059
1026	1060
58	1060
2680	1061
560	1063
121	1063
1305	1065
1417	1067
2717	1068
1183	697
1246	1070
2781	1070
1093	1071
2960	1071
1233	1072
326	1072
274	1073
127	1073
1197	1074
950	1075
13	1076
2567	1077
298	1078
2041	1081
639	261
1460	1082
1346	1084
51	1086
395	1086
2734	1087
943	939
2164	1090
2881	1092
1156	1483
2736	1094
1414	941
2152	941
2319	1100
1911	942
1430	1101
2345	945
2578	1104
1652	1105
1618	243
2994	2092
2595	2092
2744	1109
554	1109
2020	1113
470	1114
681	1120
99	1122
1048	1124
1211	1124
423	1125
1730	1126
544	1127
2174	1128
1255	1129
2768	1130
1897	2248
1367	2248
951	1133
783	1134
2874	1135
1520	1135
1308	1136
292	1137
767	1140
1623	1141
2298	1821
1084	1144
265	1144
188	1145
2122	1146
720	1147
1730	1149
1565	1151
2776	1153
636	1156
1086	1156
1248	1157
1712	1158
2443	1159
364	1897
1675	958
1632	1164
2507	1166
2380	1168
192	380
2439	1173
480	1174
2324	1177
2487	1180
2873	1181
1171	1183
831	1183
1917	1184
392	1185
1067	1187
1138	1187
1366	1188
1776	1189
2642	1189
764	1190
2232	1192
1329	1193
1199	1194
1160	1196
1284	1197
1305	1199
1306	1199
2880	1200
528	1200
1572	1201
867	1202
2285	1203
2896	1204
1637	1205
702	1207
1437	1210
1902	1211
262	1211
1448	1212
1551	1213
775	1246
2416	1246
1529	1215
2138	1216
2684	1216
542	1217
1171	1217
1967	1219
995	1220
1121	1222
2244	1222
1132	1223
969	1224
1592	1225
991	1226
1235	1226
872	1227
2362	1228
2008	1229
341	1230
2393	1231
2941	1716
1900	1716
2262	1233
1680	1236
255	1237
2744	1312
1682	1725
507	1238
2911	1239
2776	1240
1789	1241
1092	1243
2337	1244
2228	756
324	1248
569	1249
2194	1729
2771	1729
2443	1251
229	1252
236	1253
31	1253
2831	1258
1405	1259
1553	1259
1654	1260
948	1260
1383	1261
1018	1263
1810	1264
1631	1264
1380	1265
1611	1265
224	581
1332	1267
2444	1268
1449	1268
1499	1270
2412	1270
2577	1271
892	1272
973	1273
2435	1273
515	1275
1093	1277
1810	1277
2178	1278
262	1279
658	956
125	956
424	1287
898	1288
2434	1290
1522	232
1036	1291
37	1292
535	1293
1284	1294
1003	1295
2252	1334
1776	1297
2594	1298
2238	1301
746	1302
1658	1302
2090	1303
899	1304
490	1305
140	1306
2617	1307
2164	1307
66	1308
280	1309
1549	1310
1784	1752
2103	1313
1675	1313
494	1315
2689	1316
2286	1317
2271	1754
1357	1319
1757	1323
1206	1325
1736	1756
2560	1327
627	1328
2131	1329
2419	1330
692	1331
2049	1332
1164	1333
2618	1335
626	1338
2544	1819
709	1341
1305	1342
572	1343
89	1343
1511	1344
1917	1346
566	1347
301	1347
463	1372
1557	1350
2193	1350
2036	1351
417	1351
2871	1352
2316	1353
2076	1354
1756	1355
1011	1356
2608	1359
861	1361
2864	1362
2876	1364
812	1365
1653	1366
292	1367
1216	1371
1440	1373
2411	1375
2880	1375
636	1376
2186	1379
1966	1385
2388	1470
21	1387
2654	1388
744	1388
2067	1389
709	1389
1212	1390
2535	1392
1618	1392
3005	1393
926	1394
2827	1394
1061	1395
2412	2079
2400	2079
2984	1396
1522	1397
1346	1397
1359	1398
812	1399
723	1399
1284	1400
1222	1401
1134	1401
298	1402
2831	1405
1147	1406
2597	1406
2240	1407
1758	1409
2228	1413
1611	1414
2820	1415
1380	1416
21	1416
1042	1418
2663	1418
163	1419
2234	1421
782	1422
797	1422
2665	1423
2008	1424
1654	1425
815	1425
2650	1427
1724	1428
192	1428
673	1430
1160	1430
899	1431
496	1432
896	1434
2563	1718
205	1436
55	1436
2640	1437
2292	1442
892	1443
2243	1444
395	1444
524	1445
1181	1446
431	1448
2011	1449
2836	1450
1646	1452
2127	1453
245	1454
258	1455
158	1457
79	1458
2220	1318
131	1459
2297	1460
2678	1461
636	1463
21	1464
1493	1465
1044	1467
1149	1383
2397	1468
877	1779
567	1386
1226	1780
1306	1472
957	1474
547	1476
1997	1476
1119	1478
2220	1481
2132	1482
1060	1482
1139	184
949	1484
1878	1484
1664	1485
800	1486
1710	1486
2178	1487
2982	1487
54	1488
1828	1489
2798	1490
2592	1491
1327	1491
2185	1648
737	1648
1917	1494
221	1497
1540	1498
54	1499
1445	1500
1417	1501
1915	1502
614	1504
1487	1505
1883	1506
1057	1506
2807	1507
681	1508
1209	1509
1748	164
2775	164
1511	1511
2451	1511
631	1512
546	1513
846	1514
626	1516
405	1517
157	1518
84	1519
974	1519
2418	1520
2228	1522
1857	1523
2509	1523
13	1524
614	1524
703	1525
1266	1526
1555	1527
2113	1528
2378	1529
201	1529
445	1530
655	1531
691	1531
2031	1532
2210	1532
2030	1533
377	1534
326	1534
1222	1536
503	1537
1768	1539
253	1792
643	1540
334	1540
2864	1543
1775	1544
2578	1544
2014	1546
2504	1548
1520	1551
577	1552
1185	1553
1415	1554
2830	1554
2487	1555
973	1555
2557	1558
2332	1558
1409	1559
1891	1559
2621	1563
1785	1564
64	172
720	172
1997	1566
1286	1567
390	175
987	175
1521	1569
2318	1801
2232	1571
2273	1571
1674	1574
2126	1575
1773	1575
13	1577
2315	1578
2576	1579
807	1579
2246	1581
820	1582
830	1805
2525	1805
365	1796
2201	1586
1604	1587
130	1588
904	1588
79	1589
897	1590
1204	1596
2601	1596
476	1597
1652	1597
481	1598
28	274
2225	1599
1039	1599
1921	1600
442	1601
2719	1601
1713	1603
2080	1605
2745	1606
2536	1607
920	1607
1092	1610
262	1611
2873	1612
2173	1613
2468	1613
1111	1614
1452	1615
1135	1616
2053	1616
2490	1617
1494	1618
2475	1618
2477	1621
73	803
972	803
2026	1623
1546	1624
1719	1626
2983	1627
1012	1627
707	1628
2446	1800
1148	1800
2092	1629
331	1629
2704	1630
1239	1631
790	1632
885	1632
2220	1633
1370	1634
2717	1638
1987	892
1956	1640
2608	1641
1143	1641
2578	1642
1137	1642
2594	1802
1548	1644
246	1644
1377	561
2121	561
1429	1647
578	1651
3004	1652
2661	1653
991	1653
1420	1655
2786	1655
1304	1656
2471	1657
785	1657
2058	1658
1119	1660
2550	1660
604	1661
672	1662
648	1663
1664	1665
399	1665
435	1666
2211	1666
758	1667
1715	1668
481	2111
2782	152
779	1673
2784	1673
2948	1674
1209	1675
2206	1676
926	2148
2881	1677
1820	1679
1833	1679
2173	1681
1922	1683
237	1685
1351	1686
715	1687
465	1688
1627	1688
183	1689
2550	1691
2515	1692
2289	1693
1682	1696
2277	1697
728	1698
1791	1698
2817	1699
256	1699
1847	1701
131	1703
1431	1704
2544	1705
2553	1709
2312	1710
2080	1710
2655	1711
892	1711
2570	1715
1939	1715
123	1433
1846	1014
1182	933
1724	1720
662	1049
2832	1730
2924	1731
1400	1724
1848	1724
1526	1732
2628	1733
2864	1734
232	1736
1611	1736
2742	1740
2377	1741
1796	1742
2873	1743
1762	1745
520	1746
2211	1747
371	1747
756	1748
2305	1748
539	2251
2840	1753
235	1
2739	1326
2207	1758
687	1759
2662	1762
2721	1764
885	1767
931	1768
1017	1769
307	1769
2505	1770
1396	1771
372	1772
2692	1774
1300	1776
338	1776
636	1469
431	1469
2836	1782
366	1783
2446	1783
1956	1784
2969	1785
691	1785
2206	299
1987	1786
417	1787
2285	1787
5	1788
2238	1789
2275	1789
1479	1791
1602	1791
1670	1920
2232	1795
1441	1585
1091	1568
2217	183
871	1804
338	1583
628	1806
1147	1806
1425	1807
2759	1808
2478	1809
2621	1809
1171	1810
555	1812
2833	1813
2308	1814
889	1817
2487	1817
2805	1079
2051	1079
1116	1820
1293	1820
1900	2053
262	1822
1197	1822
1008	1823
626	1824
885	1825
2174	1826
2577	1826
2784	1827
1932	1829
2472	1831
586	1833
1151	1834
702	1836
1261	1837
513	1838
1297	1838
636	1839
1048	1841
890	1843
482	1846
2487	1847
2069	1848
1000	1848
1430	1850
1279	1069
246	1069
1296	742
662	1851
73	1852
2603	1854
2186	1855
1540	1856
1576	1857
358	1858
2691	1858
1116	1859
2881	1860
1772	1860
697	1861
1201	1863
1679	1864
1765	1865
1904	1866
2876	1867
2030	1868
481	1870
1991	1872
1437	1876
2378	1880
2416	1881
734	1883
822	1883
1306	1885
551	1886
40	1887
1657	1888
2692	1888
2174	1889
2781	1889
236	1592
1652	1892
544	75
270	1899
2293	1901
1997	1901
1745	1902
2691	1903
298	1906
1488	1906
23	1907
1991	2181
2774	2182
1896	1912
2377	1913
198	1915
138	1917
2070	2185
727	2185
2152	1919
673	153
359	153
1665	168
1070	1926
2098	1927
1040	1927
2097	1929
2567	1930
233	1931
1083	1933
2507	1937
2602	1937
1495	1939
2318	1939
1098	1940
770	1940
950	1844
1188	1942
396	1943
808	1944
2672	1945
2258	1946
1425	1946
2798	1947
1727	1948
1830	1949
211	1923
1937	1952
671	1954
1609	1954
1921	1955
2708	1956
974	1958
2484	1958
1172	1959
1124	1960
1999	1961
365	1962
43	1965
458	1965
804	1970
1968	1972
2631	1974
2483	1974
1851	632
2905	1977
2988	1980
1559	1980
545	643
2189	643
2950	659
148	659
292	1985
2666	1986
2389	1988
2886	1989
727	1989
2472	1990
2010	1993
2770	1994
2839	1994
2648	1996
2745	1997
471	1998
913	1999
1222	2002
797	2005
2777	2006
2745	2009
2886	2009
2124	2010
1544	2071
2838	2012
1013	466
2286	2014
25	2015
684	2018
2362	692
2570	2020
2020	2219
665	2024
2244	1088
1522	1088
1226	2025
577	2025
1289	2026
2238	2030
2364	2031
2272	490
81	2033
755	2034
648	2034
1632	2035
644	2039
2611	1093
17	2041
919	2043
1985	2044
1692	2044
853	2045
1050	2045
2857	2046
2635	2047
978	2049
685	2051
1029	2051
1969	2057
2458	1121
1253	2059
2388	2059
448	707
2603	2062
3003	2067
1144	2068
1194	2069
1552	2070
1229	2070
2675	2072
1477	2073
2984	2075
1658	2076
2763	2077
2701	2078
2798	2235
2941	2085
39	2088
269	2090
1109	2093
2165	2094
2419	2094
2781	2095
2747	2096
484	2097
198	2099
704	2099
787	1112
849	2100
1116	1584
2434	1584
2077	2102
2300	2102
1631	2103
793	2103
1973	2104
2232	2104
996	2105
2220	2106
1901	2107
780	2108
2312	347
2646	347
2608	2113
811	2116
786	2117
2058	2118
1307	2119
282	2123
503	2124
2159	2126
2772	2127
2030	2128
159	2131
1933	2132
2291	2133
1851	2133
402	2134
2373	2134
180	2136
94	2137
715	2138
2460	2139
2000	2140
371	2145
470	2145
622	2146
2864	2146
1083	914
289	2149
1164	2151
1441	2151
2371	2152
562	2152
1029	2155
131	2156
2220	2157
2665	2157
648	2159
2165	1727
1306	2160
143	2160
2057	2161
897	2162
129	2163
1779	2167
663	2168
2189	2168
309	2169
91	2169
2346	2170
1460	763
2119	2172
869	2173
1240	2173
1476	2174
905	2176
1181	237
2225	2180
837	1909
2218	2184
2567	2186
2619	2186
758	2187
2388	2187
1872	2188
2487	2191
2932	2192
239	2193
2338	2194
2017	2194
963	2195
2065	2195
68	2196
2099	2197
1267	2201
702	2202
2979	2204
1745	2205
1906	2206
622	2209
1833	2209
1658	2211
2663	2213
2033	2215
488	2216
1028	2022
86	2220
1776	2220
436	2222
535	2223
508	2223
2460	1797
1898	2225
3020	2227
407	2258
442	2229
1171	2230
1467	2230
2898	2231
1570	2232
1137	2232
1904	2233
2673	2234
1390	2236
2093	2237
2638	2239
1320	2240
1525	2240
2532	2241
2422	2242
2438	2242
198	2112
1355	2112
1416	2263
1083	2249
1576	2252
1592	737
2236	326
343	2253
1941	2253
1496	740
509	2255
820	2255
2937	2256
722	1097
2161	2228
1420	2259
652	1700
635	1700
140	2266
1996	2267
183	2268
761	2268
1911	2269
648	2269
